gap1-1
AGENTS 5
JOBS 15
COSTS [[17, 21, 22, 18, 24, 15, 20, 18, 19, 18, 16, 22, 24, 24, 16], [23, 16, 21, 16, 17, 16, 19, 25, 18, 21, 17, 15, 25, 17, 24], [16, 20, 16, 25, 24, 16, 17, 19, 19, 18, 20, 16, 17, 21, 24], [19, 19, 22, 22, 20, 16, 19, 17, 21, 19, 25, 23, 25, 25, 25], [18, 19, 15, 15, 21, 25, 16, 16, 23, 15, 22, 17, 19, 22, 24]]
resource_of_agent_job [[8, 15, 14, 23, 8, 16, 8, 25, 9, 17, 25, 15, 10, 8, 24], [15, 7, 23, 22, 11, 11, 12, 10, 17, 16, 7, 16, 10, 18, 22], [21, 20, 6, 22, 24, 10, 24, 9, 21, 14, 11, 14, 11, 19, 16], [20, 11, 8, 14, 9, 5, 6, 19, 19, 7, 6, 6, 13, 9, 18], [8, 13, 13, 13, 10, 20, 25, 16, 16, 17, 10, 10, 5, 12, 23]]
capacity_of_agents [36, 34, 38, 27, 33]
Solution Before Init Neighbor [0, 1, 2, 4, 0, 2, 0, 1, 4, 3, 1, 3, 2, 3, 4] Cost 297 | Initial SOL [4, 1, 2, 4, 0, 3, 0, 2, 0, 3, 2, 3, 2, 4, 1] Cost 288 | Solution [4, 1, 2, 2, 0, 3, 0, 1, 0, 1, 3, 3, 0, 3, 4] Cost 321 Resources Of Agents [('0', 35), ('1', 33), ('2', 28), ('3', 26), ('4', 31)] | ;
Solution Before Init Neighbor [0, 1, 2, 4, 0, 2, 0, 1, 4, 3, 1, 3, 2, 3, 4] Cost 297 | Initial SOL [4, 3, 0, 4, 0, 2, 1, 2, 0, 3, 1, 4, 1, 3, 2] Cost 298 | Solution [4, 1, 0, 2, 0, 3, 0, 1, 4, 1, 3, 3, 4, 3, 2] Cost 326 Resources Of Agents [('0', 30), ('1', 33), ('2', 38), ('3', 26), ('4', 29)] | ;
Solution Before Init Neighbor [0, 1, 2, 4, 0, 2, 0, 1, 4, 3, 1, 3, 2, 3, 4] Cost 297 | Initial SOL [0, 3, 2, 4, 0, 1, 3, 2, 0, 3, 4, 4, 0, 2, 1] Cost 291 | Solution [4, 4, 3, 2, 4, 2, 0, 1, 0, 3, 3, 3, 0, 0, 1] Cost 324 Resources Of Agents [('0', 35), ('1', 32), ('2', 32), ('3', 27), ('4', 31)] | ;
Solution Before Init Neighbor [0, 1, 2, 4, 0, 2, 0, 1, 4, 3, 1, 3, 2, 3, 4] Cost 297 | Initial SOL [0, 1, 3, 4, 0, 3, 3, 1, 0, 3, 1, 4, 4, 2, 2] Cost 290 | Solution [0, 1, 3, 4, 0, 3, 3, 1, 0, 3, 1, 4, 4, 2, 2] Cost 290 Resources Of Agents [('0', 25), ('1', 24), ('2', 35), ('3', 26), ('4', 28)] | ;
Solution Before Init Neighbor [0, 1, 2, 4, 0, 2, 0, 1, 4, 3, 1, 3, 2, 3, 4] Cost 297 | Initial SOL [0, 4, 3, 4, 0, 3, 1, 1, 0, 3, 2, 3, 1, 0, 2] Cost 311 | Solution [0, 4, 2, 2, 0, 2, 3, 1, 4, 3, 3, 3, 0, 0, 1] Cost 323 Resources Of Agents [('0', 34), ('1', 32), ('2', 38), ('3', 25), ('4', 29)] | ;
Solution Before Init Neighbor [0, 1, 2, 4, 0, 2, 0, 1, 4, 3, 1, 3, 2, 3, 4] Cost 297 | Initial SOL [0, 1, 3, 4, 1, 2, 0, 2, 0, 1, 4, 4, 0, 2, 3] Cost 291 | Solution [0, 1, 3, 4, 1, 2, 0, 2, 0, 1, 4, 4, 0, 2, 3] Cost 291 Resources Of Agents [('0', 35), ('1', 34), ('2', 38), ('3', 26), ('4', 33)] | ;
Solution Before Init Neighbor [0, 1, 2, 4, 0, 2, 0, 1, 4, 3, 1, 3, 2, 3, 4] Cost 297 | Initial SOL [4, 1, 2, 4, 0, 3, 1, 1, 0, 3, 2, 3, 0, 0, 2] Cost 302 | Solution [1, 1, 0, 2, 0, 3, 3, 1, 0, 4, 4, 3, 4, 3, 2] Cost 317 Resources Of Agents [('0', 31), ('1', 32), ('2', 38), ('3', 26), ('4', 32)] | ;
Solution Before Init Neighbor [0, 1, 2, 4, 0, 2, 0, 1, 4, 3, 1, 3, 2, 3, 4] Cost 297 | Initial SOL [0, 1, 3, 4, 0, 2, 3, 1, 0, 3, 1, 3, 2, 0, 2] Cost 297 | Solution [1, 1, 2, 4, 0, 3, 0, 1, 0, 3, 4, 3, 4, 3, 2] Cost 306 Resources Of Agents [('0', 25), ('1', 32), ('2', 22), ('3', 27), ('4', 28)] | ;
Solution Before Init Neighbor [0, 1, 2, 4, 0, 2, 0, 1, 4, 3, 1, 3, 2, 3, 4] Cost 297 | Initial SOL [0, 1, 3, 4, 0, 2, 3, 1, 1, 3, 4, 4, 0, 0, 2] Cost 302 | Solution [0, 1, 3, 4, 0, 2, 3, 1, 1, 3, 4, 4, 0, 0, 2] Cost 302 Resources Of Agents [('0', 34), ('1', 34), ('2', 26), ('3', 21), ('4', 33)] | ;
Solution Before Init Neighbor [0, 1, 2, 4, 0, 2, 0, 1, 4, 3, 1, 3, 2, 3, 4] Cost 297 | Initial SOL [0, 1, 4, 3, 0, 2, 0, 1, 4, 3, 2, 3, 1, 0, 2] Cost 313 | Solution [0, 1, 4, 3, 0, 2, 0, 1, 4, 3, 2, 3, 1, 0, 2] Cost 313 Resources Of Agents [('0', 32), ('1', 27), ('2', 37), ('3', 27), ('4', 29)] | ;
gap1-2
AGENTS 5
JOBS 15
COSTS [[19, 23, 24, 20, 20, 25, 16, 21, 24, 15, 17, 17, 20, 20, 20], [25, 24, 16, 21, 19, 17, 17, 19, 23, 21, 21, 23, 20, 15, 16], [16, 21, 25, 22, 24, 24, 16, 17, 15, 18, 15, 17, 18, 24, 18], [25, 24, 18, 19, 15, 18, 20, 22, 23, 18, 16, 19, 17, 15, 22], [25, 19, 21, 22, 20, 15, 20, 19, 18, 18, 17, 23, 17, 25, 25]]
resource_of_agent_job [[16, 12, 8, 20, 18, 10, 12, 8, 14, 23, 19, 14, 15, 15, 24], [16, 18, 19, 22, 13, 20, 9, 7, 25, 10, 20, 13, 11, 15, 16], [6, 20, 20, 5, 14, 12, 6, 15, 22, 18, 13, 23, 23, 18, 25], [18, 23, 25, 17, 25, 13, 23, 23, 13, 20, 20, 23, 17, 19, 24], [12, 17, 15, 25, 22, 5, 24, 19, 12, 25, 23, 21, 23, 19, 18]]
capacity_of_agents [36, 37, 38, 48, 44]
Solution Before Init Neighbor [2, 3, 0, 2, 4, 0, 1, 0, 3, 1, 2, 4, 1, 3, 4] Cost 311 | Initial SOL [2, 0, 4, 2, 2, 3, 1, 0, 3, 1, 2, 0, 3, 1, 4] Cost 295 | Solution [2, 0, 4, 2, 2, 4, 1, 0, 3, 1, 2, 1, 0, 4, 3] Cost 308 Resources Of Agents [('0', 35), ('1', 32), ('2', 38), ('3', 37), ('4', 39)] | ;
Solution Before Init Neighbor [2, 3, 0, 2, 4, 0, 1, 0, 3, 1, 2, 4, 1, 3, 4] Cost 311 | Initial SOL [2, 4, 0, 2, 2, 4, 0, 0, 3, 1, 2, 1, 1, 3, 4] Cost 299 | Solution [2, 4, 0, 2, 2, 4, 0, 0, 3, 1, 2, 1, 1, 3, 4] Cost 299 Resources Of Agents [('0', 28), ('1', 34), ('2', 38), ('3', 32), ('4', 40)] | ;
Solution Before Init Neighbor [2, 3, 0, 2, 4, 0, 1, 0, 3, 1, 2, 4, 1, 3, 4] Cost 311 | Initial SOL [2, 3, 0, 2, 2, 4, 0, 1, 0, 1, 2, 1, 3, 4, 4] Cost 310 | Solution [3, 0, 0, 2, 2, 4, 2, 3, 0, 1, 2, 1, 1, 4, 4] Cost 324 Resources Of Agents [('0', 34), ('1', 34), ('2', 38), ('3', 41), ('4', 42)] | ;
Solution Before Init Neighbor [2, 3, 0, 2, 4, 0, 1, 0, 3, 1, 2, 4, 1, 3, 4] Cost 311 | Initial SOL [2, 3, 0, 2, 2, 4, 0, 1, 4, 1, 2, 3, 4, 0, 1] Cost 286 | Solution [3, 0, 0, 2, 2, 4, 2, 3, 0, 1, 2, 1, 1, 4, 4] Cost 324 Resources Of Agents [('0', 34), ('1', 34), ('2', 38), ('3', 41), ('4', 42)] | ;
Solution Before Init Neighbor [2, 3, 0, 2, 4, 0, 1, 0, 3, 1, 2, 4, 1, 3, 4] Cost 311 | Initial SOL [4, 0, 0, 2, 2, 4, 2, 1, 3, 3, 2, 1, 0, 1, 4] Cost 307 | Solution [4, 3, 0, 2, 2, 0, 2, 3, 4, 1, 2, 1, 1, 0, 4] Cost 324 Resources Of Agents [('0', 33), ('1', 34), ('2', 38), ('3', 46), ('4', 42)] | ;
Solution Before Init Neighbor [2, 3, 0, 2, 4, 0, 1, 0, 3, 1, 2, 4, 1, 3, 4] Cost 311 | Initial SOL [2, 0, 3, 2, 1, 4, 2, 0, 0, 1, 2, 1, 3, 4, 4] Cost 300 | Solution [2, 0, 3, 2, 1, 4, 2, 0, 0, 1, 2, 1, 3, 4, 4] Cost 300 Resources Of Agents [('0', 34), ('1', 36), ('2', 30), ('3', 42), ('4', 42)] | ;
Solution Before Init Neighbor [2, 3, 0, 2, 4, 0, 1, 0, 3, 1, 2, 4, 1, 3, 4] Cost 311 | Initial SOL [2, 0, 0, 2, 2, 4, 3, 4, 0, 1, 2, 3, 1, 4, 1] Cost 303 | Solution [3, 3, 0, 2, 2, 4, 2, 0, 0, 1, 2, 1, 1, 4, 4] Cost 324 Resources Of Agents [('0', 30), ('1', 34), ('2', 38), ('3', 41), ('4', 42)] | ;
Solution Before Init Neighbor [2, 3, 0, 2, 4, 0, 1, 0, 3, 1, 2, 4, 1, 3, 4] Cost 311 | Initial SOL [2, 0, 0, 2, 2, 4, 1, 0, 4, 1, 2, 4, 3, 3, 1] Cost 287 | Solution [4, 0, 0, 2, 2, 4, 1, 1, 3, 1, 2, 4, 1, 0, 3] Cost 313 Resources Of Agents [('0', 35), ('1', 37), ('2', 32), ('3', 37), ('4', 38)] | ;
Solution Before Init Neighbor [2, 3, 0, 2, 4, 0, 1, 0, 3, 1, 2, 4, 1, 3, 4] Cost 311 | Initial SOL [4, 0, 0, 2, 2, 4, 2, 3, 4, 1, 2, 0, 1, 1, 3] Cost 299 | Solution [3, 0, 0, 2, 2, 0, 2, 1, 3, 1, 2, 1, 3, 4, 4] Cost 327 Resources Of Agents [('0', 30), ('1', 30), ('2', 38), ('3', 48), ('4', 37)] | ;
Solution Before Init Neighbor [2, 3, 0, 2, 4, 0, 1, 0, 3, 1, 2, 4, 1, 3, 4] Cost 311 | Initial SOL [2, 4, 0, 2, 2, 3, 1, 1, 0, 1, 2, 0, 1, 3, 4] Cost 296 | Solution [2, 4, 0, 2, 2, 3, 1, 1, 0, 1, 2, 0, 1, 3, 4] Cost 296 Resources Of Agents [('0', 36), ('1', 37), ('2', 38), ('3', 32), ('4', 35)] | ;
gap1-3
AGENTS 5
JOBS 15
COSTS [[22, 21, 16, 17, 21, 15, 17, 22, 22, 25, 18, 20, 24, 15, 22], [23, 24, 19, 15, 16, 21, 15, 25, 16, 21, 20, 19, 16, 23, 20], [21, 20, 21, 25, 21, 20, 21, 19, 17, 16, 25, 19, 15, 15, 15], [17, 21, 25, 25, 23, 22, 20, 19, 20, 25, 15, 20, 21, 25, 23], [15, 25, 23, 19, 17, 17, 25, 24, 24, 17, 24, 19, 18, 19, 16]]
resource_of_agent_job [[23, 10, 15, 13, 17, 10, 13, 6, 9, 21, 20, 7, 9, 25, 8], [17, 13, 8, 23, 11, 18, 7, 22, 13, 5, 24, 24, 15, 10, 22], [22, 17, 22, 23, 20, 11, 17, 25, 23, 9, 22, 20, 15, 9, 25], [5, 19, 25, 16, 15, 10, 18, 9, 11, 20, 7, 21, 15, 8, 25], [22, 9, 10, 23, 19, 21, 17, 15, 15, 17, 25, 19, 10, 9, 21]]
capacity_of_agents [32, 37, 44, 35, 40]
Solution Before Init Neighbor [3, 4, 1, 4, 4, 2, 1, 0, 3, 1, 3, 0, 2, 2, 0] Cost 282 | Initial SOL [3, 1, 0, 2, 1, 3, 1, 4, 4, 1, 3, 2, 0, 4, 0] Cost 303 | Solution [3, 1, 0, 2, 1, 3, 1, 4, 4, 1, 3, 2, 0, 4, 0] Cost 303 Resources Of Agents [('0', 32), ('1', 36), ('2', 43), ('3', 22), ('4', 39)] | ;
Solution Before Init Neighbor [3, 4, 1, 4, 4, 2, 1, 0, 3, 1, 3, 0, 2, 2, 0] Cost 282 | Initial SOL [3, 1, 4, 2, 1, 2, 1, 0, 0, 4, 3, 3, 0, 2, 0] Cost 297 | Solution [3, 1, 4, 2, 3, 1, 2, 4, 4, 1, 3, 0, 0, 3, 0] Cost 329 Resources Of Agents [('0', 24), ('1', 36), ('2', 40), ('3', 35), ('4', 40)] | ;
Solution Before Init Neighbor [3, 4, 1, 4, 4, 2, 1, 0, 3, 1, 3, 0, 2, 2, 0] Cost 282 | Initial SOL [3, 4, 4, 0, 1, 0, 2, 3, 0, 1, 3, 2, 1, 3, 4] Cost 287 | Solution [1, 4, 1, 2, 2, 3, 4, 0, 0, 1, 3, 0, 4, 3, 0] Cost 325 Resources Of Agents [('0', 30), ('1', 30), ('2', 43), ('3', 25), ('4', 36)] | ;
Solution Before Init Neighbor [3, 4, 1, 4, 4, 2, 1, 0, 3, 1, 3, 0, 2, 2, 0] Cost 282 | Initial SOL [3, 0, 4, 3, 4, 1, 1, 0, 0, 2, 3, 0, 4, 2, 2] Cost 282 | Solution [3, 4, 4, 2, 2, 3, 4, 0, 3, 1, 1, 0, 0, 3, 0] Cost 332 Resources Of Agents [('0', 30), ('1', 29), ('2', 43), ('3', 34), ('4', 36)] | ;
Solution Before Init Neighbor [3, 4, 1, 4, 4, 2, 1, 0, 3, 1, 3, 0, 2, 2, 0] Cost 282 | Initial SOL [3, 1, 4, 0, 1, 3, 1, 3, 0, 2, 3, 2, 4, 4, 0] Cost 284 | Solution [2, 1, 4, 3, 1, 3, 4, 0, 0, 1, 2, 0, 4, 3, 0] Cost 331 Resources Of Agents [('0', 30), ('1', 29), ('2', 44), ('3', 34), ('4', 37)] | ;
Solution Before Init Neighbor [3, 4, 1, 4, 4, 2, 1, 0, 3, 1, 3, 0, 2, 2, 0] Cost 282 | Initial SOL [3, 4, 1, 2, 2, 0, 1, 0, 3, 4, 3, 0, 0, 3, 1] Cost 300 | Solution [1, 4, 4, 2, 3, 3, 2, 0, 4, 1, 3, 0, 0, 1, 0] Cost 333 Resources Of Agents [('0', 30), ('1', 32), ('2', 40), ('3', 32), ('4', 34)] | ;
Solution Before Init Neighbor [3, 4, 1, 4, 4, 2, 1, 0, 3, 1, 3, 0, 2, 2, 0] Cost 282 | Initial SOL [3, 2, 1, 4, 1, 3, 2, 0, 3, 2, 3, 0, 1, 4, 0] Cost 284 | Solution [3, 2, 4, 4, 1, 3, 1, 3, 2, 1, 3, 0, 0, 1, 0] Cost 293 Resources Of Agents [('0', 24), ('1', 33), ('2', 40), ('3', 31), ('4', 33)] | ;
Solution Before Init Neighbor [3, 4, 1, 4, 4, 2, 1, 0, 3, 1, 3, 0, 2, 2, 0] Cost 282 | Initial SOL [3, 2, 1, 3, 1, 4, 0, 4, 1, 1, 3, 0, 2, 2, 0] Cost 279 | Solution [1, 4, 1, 0, 3, 3, 1, 4, 4, 1, 2, 2, 0, 3, 0] Cost 328 Resources Of Agents [('0', 30), ('1', 37), ('2', 42), ('3', 33), ('4', 39)] | ;
Solution Before Init Neighbor [3, 4, 1, 4, 4, 2, 1, 0, 3, 1, 3, 0, 2, 2, 0] Cost 282 | Initial SOL [3, 1, 1, 4, 1, 2, 4, 3, 3, 2, 2, 0, 0, 3, 0] Cost 311 | Solution [3, 1, 1, 4, 1, 2, 4, 3, 3, 2, 2, 0, 0, 3, 0] Cost 311 Resources Of Agents [('0', 24), ('1', 32), ('2', 42), ('3', 33), ('4', 40)] | ;
Solution Before Init Neighbor [3, 4, 1, 4, 4, 2, 1, 0, 3, 1, 3, 0, 2, 2, 0] Cost 282 | Initial SOL [3, 1, 1, 4, 2, 2, 1, 3, 4, 1, 3, 0, 0, 2, 0] Cost 295 | Solution [1, 4, 1, 0, 3, 3, 1, 4, 4, 1, 2, 2, 0, 3, 0] Cost 328 Resources Of Agents [('0', 30), ('1', 37), ('2', 42), ('3', 33), ('4', 39)] | ;
gap1-4
AGENTS 5
JOBS 15
COSTS [[15, 25, 20, 18, 19, 21, 18, 22, 24, 15, 25, 17, 17, 15, 22], [20, 18, 25, 25, 16, 24, 22, 24, 17, 18, 23, 25, 21, 25, 24], [25, 19, 18, 18, 23, 18, 15, 22, 23, 16, 25, 22, 22, 15, 16], [19, 19, 23, 17, 19, 19, 22, 19, 23, 22, 24, 22, 25, 19, 16], [25, 24, 17, 19, 25, 19, 23, 19, 25, 15, 19, 21, 18, 19, 22]]
resource_of_agent_job [[20, 20, 18, 9, 18, 5, 16, 18, 13, 24, 21, 23, 15, 19, 9], [5, 12, 18, 8, 22, 19, 19, 11, 7, 19, 20, 17, 21, 25, 5], [18, 8, 8, 9, 20, 20, 23, 13, 15, 12, 6, 12, 25, 25, 23], [17, 19, 24, 9, 16, 22, 10, 17, 12, 17, 15, 21, 16, 18, 6], [14, 6, 20, 6, 21, 5, 11, 23, 20, 21, 20, 18, 13, 13, 21]]
capacity_of_agents [39, 36, 37, 38, 37]
Solution Before Init Neighbor [1, 2, 2, 0, 3, 0, 3, 1, 1, 4, 2, 4, 3, 4, 0] Cost 305 | Initial SOL [1, 1, 2, 3, 0, 0, 0, 1, 3, 2, 3, 2, 4, 4, 1] Cost 301 | Solution [4, 4, 1, 4, 0, 0, 4, 2, 3, 2, 2, 1, 0, 3, 3] Cost 319 Resources Of Agents [('0', 38), ('1', 35), ('2', 31), ('3', 36), ('4', 37)] | ;
Solution Before Init Neighbor [1, 2, 2, 0, 3, 0, 3, 1, 1, 4, 2, 4, 3, 4, 0] Cost 305 | Initial SOL [1, 2, 1, 4, 0, 4, 3, 1, 0, 2, 3, 2, 4, 4, 3] Cost 306 | Solution [4, 4, 2, 1, 2, 0, 3, 1, 3, 0, 2, 1, 3, 4, 0] Cost 336 Resources Of Agents [('0', 38), ('1', 36), ('2', 34), ('3', 38), ('4', 33)] | ;
Solution Before Init Neighbor [1, 2, 2, 0, 3, 0, 3, 1, 1, 4, 2, 4, 3, 4, 0] Cost 305 | Initial SOL [1, 2, 2, 0, 3, 4, 4, 1, 3, 1, 2, 2, 4, 0, 3] Cost 297 | Solution [1, 2, 2, 0, 3, 4, 4, 1, 3, 1, 2, 2, 4, 0, 3] Cost 297 Resources Of Agents [('0', 28), ('1', 35), ('2', 34), ('3', 34), ('4', 29)] | ;
Solution Before Init Neighbor [1, 2, 2, 0, 3, 0, 3, 1, 1, 4, 2, 4, 3, 4, 0] Cost 305 | Initial SOL [4, 1, 2, 2, 3, 4, 3, 2, 3, 1, 2, 4, 0, 0, 1] Cost 304 | Solution [4, 1, 2, 2, 3, 4, 3, 2, 3, 1, 2, 4, 0, 0, 1] Cost 304 Resources Of Agents [('0', 34), ('1', 36), ('2', 36), ('3', 38), ('4', 37)] | ;
Solution Before Init Neighbor [1, 2, 2, 0, 3, 0, 3, 1, 1, 4, 2, 4, 3, 4, 0] Cost 305 | Initial SOL [1, 2, 2, 1, 3, 4, 0, 1, 3, 2, 2, 0, 4, 4, 3] Cost 296 | Solution [1, 2, 2, 1, 3, 4, 0, 1, 3, 2, 2, 0, 4, 4, 3] Cost 296 Resources Of Agents [('0', 39), ('1', 24), ('2', 34), ('3', 34), ('4', 31)] | ;
Solution Before Init Neighbor [1, 2, 2, 0, 3, 0, 3, 1, 1, 4, 2, 4, 3, 4, 0] Cost 305 | Initial SOL [1, 2, 2, 1, 1, 4, 0, 3, 0, 2, 2, 4, 4, 3, 0] Cost 299 | Solution [1, 2, 2, 1, 1, 4, 0, 3, 0, 2, 2, 4, 4, 3, 0] Cost 299 Resources Of Agents [('0', 38), ('1', 35), ('2', 34), ('3', 35), ('4', 36)] | ;
Solution Before Init Neighbor [1, 2, 2, 0, 3, 0, 3, 1, 1, 4, 2, 4, 3, 4, 0] Cost 305 | Initial SOL [1, 4, 2, 2, 2, 4, 0, 1, 0, 1, 3, 3, 4, 4, 0] Cost 311 | Solution [1, 4, 0, 1, 0, 4, 4, 1, 2, 3, 2, 2, 3, 4, 1] Cost 334 Resources Of Agents [('0', 36), ('1', 29), ('2', 33), ('3', 33), ('4', 35)] | ;
Solution Before Init Neighbor [1, 2, 2, 0, 3, 0, 3, 1, 1, 4, 2, 4, 3, 4, 0] Cost 305 | Initial SOL [2, 1, 2, 4, 3, 0, 0, 1, 1, 3, 2, 4, 0, 4, 1] Cost 307 | Solution [1, 0, 1, 1, 3, 0, 4, 2, 0, 3, 2, 2, 4, 4, 1] Cost 334 Resources Of Agents [('0', 38), ('1', 36), ('2', 31), ('3', 33), ('4', 37)] | ;
Solution Before Init Neighbor [1, 2, 2, 0, 3, 0, 3, 1, 1, 4, 2, 4, 3, 4, 0] Cost 305 | Initial SOL [1, 4, 1, 4, 3, 0, 4, 1, 3, 2, 2, 2, 4, 0, 3] Cost 310 | Solution [1, 4, 1, 4, 3, 0, 4, 1, 3, 2, 2, 2, 4, 0, 3] Cost 310 Resources Of Agents [('0', 24), ('1', 34), ('2', 30), ('3', 34), ('4', 36)] | ;
Solution Before Init Neighbor [1, 2, 2, 0, 3, 0, 3, 1, 1, 4, 2, 4, 3, 4, 0] Cost 305 | Initial SOL [1, 1, 0, 4, 3, 0, 4, 3, 1, 2, 2, 2, 0, 4, 1] Cost 299 | Solution [1, 4, 2, 1, 2, 0, 0, 1, 0, 3, 2, 4, 3, 4, 1] Cost 333 Resources Of Agents [('0', 34), ('1', 29), ('2', 34), ('3', 33), ('4', 37)] | ;
gap1-5
AGENTS 5
JOBS 15
COSTS [[25, 25, 18, 24, 20, 19, 25, 24, 23, 15, 18, 18, 25, 15, 22], [25, 18, 17, 22, 21, 23, 20, 23, 16, 19, 15, 18, 16, 23, 16], [18, 16, 19, 15, 15, 18, 15, 20, 19, 24, 22, 20, 25, 16, 21], [18, 21, 16, 18, 17, 24, 18, 23, 22, 16, 17, 22, 22, 18, 16], [17, 18, 15, 21, 23, 21, 24, 23, 20, 22, 19, 15, 22, 22, 25]]
resource_of_agent_job [[16, 20, 9, 22, 17, 19, 20, 22, 20, 13, 6, 20, 23, 19, 7], [12, 22, 18, 18, 6, 13, 17, 17, 17, 14, 20, 12, 17, 14, 22], [5, 19, 19, 14, 24, 16, 7, 8, 9, 22, 13, 23, 24, 15, 20], [20, 8, 6, 9, 5, 17, 23, 18, 14, 12, 14, 17, 15, 23, 21], [6, 6, 24, 24, 8, 7, 5, 25, 21, 18, 12, 20, 20, 7, 12]]
capacity_of_agents [40, 38, 38, 35, 34]
Solution Before Init Neighbor [1, 3, 0, 3, 1, 4, 2, 2, 2, 3, 0, 1, 4, 4, 0] Cost 296 | Initial SOL [1, 4, 0, 1, 1, 2, 4, 2, 2, 3, 4, 3, 0, 4, 0] Cost 311 | Solution [1, 3, 0, 1, 1, 4, 4, 2, 3, 3, 0, 0, 2, 4, 4] Cost 318 Resources Of Agents [('0', 35), ('1', 36), ('2', 32), ('3', 34), ('4', 31)] | ;
Solution Before Init Neighbor [1, 3, 0, 3, 1, 4, 2, 2, 2, 3, 0, 1, 4, 4, 0] Cost 296 | Initial SOL [4, 2, 0, 0, 4, 4, 4, 2, 2, 3, 3, 1, 1, 4, 0] Cost 293 | Solution [2, 0, 3, 3, 1, 1, 4, 1, 2, 4, 0, 3, 2, 4, 0] Cost 318 Resources Of Agents [('0', 33), ('1', 36), ('2', 38), ('3', 32), ('4', 30)] | ;
Solution Before Init Neighbor [1, 3, 0, 3, 1, 4, 2, 2, 2, 3, 0, 1, 4, 4, 0] Cost 296 | Initial SOL [2, 4, 0, 3, 1, 4, 4, 2, 2, 0, 0, 1, 3, 2, 0] Cost 288 | Solution [2, 4, 3, 3, 1, 3, 4, 2, 1, 1, 0, 4, 2, 0, 0] Cost 289 Resources Of Agents [('0', 32), ('1', 37), ('2', 37), ('3', 32), ('4', 31)] | ;
Solution Before Init Neighbor [1, 3, 0, 3, 1, 4, 2, 2, 2, 3, 0, 1, 4, 4, 0] Cost 296 | Initial SOL [1, 0, 3, 3, 4, 4, 4, 2, 2, 0, 4, 1, 3, 1, 2] Cost 309 | Solution [1, 3, 0, 3, 4, 1, 0, 2, 2, 4, 2, 1, 3, 4, 0] Cost 320 Resources Of Agents [('0', 36), ('1', 37), ('2', 30), ('3', 32), ('4', 33)] | ;
Solution Before Init Neighbor [1, 3, 0, 3, 1, 4, 2, 2, 2, 3, 0, 1, 4, 4, 0] Cost 296 | Initial SOL [0, 4, 0, 2, 3, 3, 2, 2, 2, 4, 0, 1, 1, 4, 0] Cost 289 | Solution [0, 3, 3, 1, 1, 4, 4, 2, 2, 1, 2, 3, 0, 4, 4] Cost 324 Resources Of Agents [('0', 39), ('1', 38), ('2', 30), ('3', 31), ('4', 31)] | ;
Solution Before Init Neighbor [1, 3, 0, 3, 1, 4, 2, 2, 2, 3, 0, 1, 4, 4, 0] Cost 296 | Initial SOL [2, 3, 3, 3, 1, 4, 2, 2, 2, 0, 0, 1, 1, 0, 4] Cost 276 | Solution [1, 3, 0, 0, 4, 1, 4, 2, 2, 3, 2, 1, 3, 4, 4] Cost 322 Resources Of Agents [('0', 31), ('1', 37), ('2', 30), ('3', 35), ('4', 32)] | ;
Solution Before Init Neighbor [1, 3, 0, 3, 1, 4, 2, 2, 2, 3, 0, 1, 4, 4, 0] Cost 296 | Initial SOL [4, 0, 1, 2, 1, 4, 4, 3, 2, 0, 2, 1, 3, 4, 0] Cost 303 | Solution [1, 3, 2, 3, 4, 3, 4, 2, 2, 4, 0, 1, 0, 1, 0] Cost 321 Resources Of Agents [('0', 36), ('1', 38), ('2', 36), ('3', 34), ('4', 31)] | ;
Solution Before Init Neighbor [1, 3, 0, 3, 1, 4, 2, 2, 2, 3, 0, 1, 4, 4, 0] Cost 296 | Initial SOL [1, 3, 1, 3, 1, 2, 4, 3, 2, 0, 2, 0, 4, 4, 0] Cost 307 | Solution [1, 3, 3, 1, 1, 2, 4, 3, 2, 0, 2, 0, 4, 4, 0] Cost 310 Resources Of Agents [('0', 40), ('1', 36), ('2', 38), ('3', 32), ('4', 32)] | ;
Solution Before Init Neighbor [1, 3, 0, 3, 1, 4, 2, 2, 2, 3, 0, 1, 4, 4, 0] Cost 296 | Initial SOL [4, 3, 1, 3, 1, 2, 0, 2, 2, 4, 0, 1, 3, 4, 0] Cost 300 | Solution [2, 3, 0, 3, 4, 1, 4, 2, 2, 1, 2, 3, 0, 4, 4] Cost 319 Resources Of Agents [('0', 32), ('1', 27), ('2', 35), ('3', 34), ('4', 32)] | ;
Solution Before Init Neighbor [1, 3, 0, 3, 1, 4, 2, 2, 2, 3, 0, 1, 4, 4, 0] Cost 296 | Initial SOL [2, 3, 3, 3, 1, 0, 2, 2, 2, 1, 0, 4, 1, 4, 0] Cost 279 | Solution [1, 3, 0, 3, 4, 1, 4, 0, 2, 2, 4, 1, 3, 4, 0] Cost 322 Resources Of Agents [('0', 38), ('1', 37), ('2', 31), ('3', 32), ('4', 32)] | ;
