gap4-4
AGENTS 5
JOBS 30
COSTS [[16, 14, 16, 21, 13, 14, 14, 21, 20, 19, 25, 12, 22, 17, 12, 21, 11, 10, 24, 15, 23, 14, 14, 20, 15, 23, 14, 23, 13, 22], [24, 18, 23, 18, 12, 20, 12, 15, 14, 22, 22, 18, 18, 21, 12, 19, 18, 13, 16, 16, 16, 10, 18, 15, 14, 13, 23, 15, 12, 10], [20, 16, 15, 18, 24, 16, 21, 21, 24, 15, 14, 23, 11, 12, 15, 14, 18, 15, 14, 12, 25, 20, 23, 13, 16, 23, 18, 20, 22, 16], [20, 14, 20, 16, 17, 24, 15, 23, 13, 11, 18, 22, 10, 15, 19, 10, 21, 10, 21, 11, 13, 16, 18, 22, 20, 16, 21, 22, 19, 20], [19, 15, 12, 11, 23, 24, 15, 17, 17, 11, 23, 14, 20, 21, 22, 16, 16, 23, 10, 22, 12, 25, 24, 20, 13, 20, 16, 11, 23, 18]]
resource_of_agent_job [[15, 16, 24, 17, 9, 18, 5, 8, 25, 21, 22, 22, 11, 7, 23, 15, 16, 19, 22, 21, 6, 14, 13, 19, 21, 14, 21, 15, 17, 10], [22, 13, 7, 14, 23, 10, 6, 11, 21, 14, 15, 9, 13, 18, 15, 14, 7, 7, 17, 8, 16, 19, 16, 15, 10, 7, 12, 10, 21, 13], [9, 16, 13, 20, 10, 17, 16, 15, 24, 12, 16, 8, 6, 6, 21, 23, 6, 16, 9, 18, 20, 10, 12, 15, 20, 21, 11, 9, 18, 25], [14, 22, 23, 8, 25, 24, 23, 12, 8, 15, 13, 23, 7, 11, 10, 10, 21, 19, 23, 24, 7, 8, 18, 11, 18, 10, 19, 25, 16, 10], [10, 15, 20, 21, 12, 23, 19, 11, 9, 20, 9, 13, 11, 10, 11, 8, 18, 10, 8, 6, 19, 15, 7, 16, 5, 17, 24, 12, 20, 21]]
capacity_of_agents [78, 64, 71, 76, 67]
Solution Before Init Neighbor [2, 4, 1, 3, 0, 4, 0, 0, 3, 4, 3, 1, 2, 0, 3, 3, 1, 1, 2, 1, 0, 2, 4, 3, 4, 1, 2, 2, 4, 0] Cost 522 | Initial SOL [2, 1, 0, 3, 2, 1, 0, 4, 4, 2, 4, 2, 2, 4, 3, 1, 2, 0, 4, 1, 0, 2, 4, 3, 3, 1, 1, 2, 3, 3] Cost 551 | Solution [2, 1, 1, 0, 4, 1, 2, 3, 4, 2, 1, 2, 0, 4, 3, 4, 2, 4, 2, 4, 0, 2, 4, 3, 1, 0, 3, 0, 3, 0] Cost 612 Resources Of Agents [('0', 73), ('1', 55), ('2', 70), ('3', 68), ('4', 62)] | ;
Solution Before Init Neighbor [2, 4, 1, 3, 0, 4, 0, 0, 3, 4, 3, 1, 2, 0, 3, 3, 1, 1, 2, 1, 0, 2, 4, 3, 4, 1, 2, 2, 4, 0] Cost 522 | Initial SOL [2, 1, 2, 0, 2, 1, 3, 4, 3, 1, 4, 1, 3, 2, 3, 3, 4, 4, 2, 4, 0, 3, 0, 2, 4, 1, 0, 2, 0, 3] Cost 511 | Solution [2, 4, 1, 0, 2, 1, 0, 3, 4, 1, 4, 2, 4, 1, 3, 0, 2, 4, 0, 4, 0, 2, 4, 3, 1, 3, 3, 2, 2, 0] Cost 617 Resources Of Agents [('0', 75), ('1', 59), ('2', 70), ('3', 62), ('4', 67)] | ;
Solution Before Init Neighbor [2, 4, 1, 3, 0, 4, 0, 0, 3, 4, 3, 1, 2, 0, 3, 3, 1, 1, 2, 1, 0, 2, 4, 3, 4, 1, 2, 2, 4, 0] Cost 522 | Initial SOL [2, 0, 3, 3, 2, 1, 0, 4, 3, 1, 1, 2, 2, 2, 4, 4, 1, 0, 3, 1, 0, 4, 4, 3, 4, 1, 2, 2, 0, 0] Cost 544 | Solution [2, 0, 3, 3, 2, 1, 0, 4, 3, 1, 1, 2, 2, 2, 4, 4, 1, 0, 3, 1, 0, 4, 4, 3, 4, 1, 2, 2, 0, 0] Cost 544 Resources Of Agents [('0', 73), ('1', 61), ('2', 59), ('3', 73), ('4', 57)] | ;
Solution Before Init Neighbor [2, 4, 1, 3, 0, 4, 0, 0, 3, 4, 3, 1, 2, 0, 3, 3, 1, 1, 2, 1, 0, 2, 4, 3, 4, 1, 2, 2, 4, 0] Cost 522 | Initial SOL [2, 0, 1, 3, 0, 1, 1, 4, 2, 1, 2, 1, 4, 3, 4, 3, 0, 1, 4, 4, 3, 3, 0, 3, 1, 3, 0, 2, 4, 3] Cost 508 | Solution [3, 1, 1, 0, 2, 1, 0, 3, 4, 1, 4, 2, 0, 4, 4, 0, 2, 4, 3, 4, 0, 2, 4, 3, 2, 0, 1, 2, 3, 0] Cost 630 Resources Of Agents [('0', 78), ('1', 56), ('2', 63), ('3', 76), ('4', 62)] | ;
Solution Before Init Neighbor [2, 4, 1, 3, 0, 4, 0, 0, 3, 4, 3, 1, 2, 0, 3, 3, 1, 1, 2, 1, 0, 2, 4, 3, 4, 1, 2, 2, 4, 0] Cost 522 | Initial SOL [3, 4, 1, 1, 2, 1, 1, 3, 3, 3, 4, 1, 3, 2, 4, 0, 1, 1, 2, 0, 0, 3, 2, 3, 4, 2, 4, 2, 0, 0] Cost 536 | Solution [2, 1, 1, 1, 2, 3, 2, 3, 4, 2, 4, 2, 0, 0, 4, 4, 2, 4, 0, 4, 0, 0, 4, 3, 1, 0, 1, 2, 3, 3] Cost 615 Resources Of Agents [('0', 74), ('1', 56), ('2', 70), ('3', 73), ('4', 60)] | ;
Solution Before Init Neighbor [2, 4, 1, 3, 0, 4, 0, 0, 3, 4, 3, 1, 2, 0, 3, 3, 1, 1, 2, 1, 0, 2, 4, 3, 4, 1, 2, 2, 4, 0] Cost 522 | Initial SOL [4, 4, 1, 3, 1, 1, 0, 0, 3, 3, 4, 2, 4, 3, 1, 4, 2, 0, 3, 4, 3, 2, 0, 2, 4, 1, 2, 0, 2, 0] Cost 515 | Solution [2, 1, 1, 1, 2, 1, 0, 3, 4, 2, 4, 2, 0, 4, 4, 0, 1, 4, 3, 4, 0, 3, 4, 3, 3, 0, 1, 0, 2, 0] Cost 626 Resources Of Agents [('0', 76), ('1', 63), ('2', 57), ('3', 72), ('4', 62)] | ;
Solution Before Init Neighbor [2, 4, 1, 3, 0, 4, 0, 0, 3, 4, 3, 1, 2, 0, 3, 3, 1, 1, 2, 1, 0, 2, 4, 3, 4, 1, 2, 2, 4, 0] Cost 522 | Initial SOL [3, 2, 1, 1, 0, 1, 0, 0, 4, 1, 3, 2, 0, 2, 4, 3, 2, 2, 2, 4, 4, 4, 4, 3, 1, 1, 3, 0, 0, 0] Cost 549 | Solution [2, 2, 1, 0, 4, 1, 0, 0, 0, 2, 4, 2, 4, 3, 4, 1, 2, 4, 1, 4, 0, 2, 4, 3, 3, 0, 1, 2, 3, 3] Cost 608 Resources Of Agents [('0', 75), ('1', 60), ('2', 70), ('3', 66), ('4', 66)] | ;
Solution Before Init Neighbor [2, 4, 1, 3, 0, 4, 0, 0, 3, 4, 3, 1, 2, 0, 3, 3, 1, 1, 2, 1, 0, 2, 4, 3, 4, 1, 2, 2, 4, 0] Cost 522 | Initial SOL [3, 2, 1, 3, 0, 0, 0, 1, 3, 2, 4, 4, 2, 0, 1, 4, 1, 0, 2, 1, 4, 2, 3, 2, 4, 3, 1, 4, 0, 3] Cost 469 | Solution [3, 0, 1, 0, 2, 2, 1, 0, 4, 1, 4, 2, 1, 4, 3, 1, 2, 4, 3, 4, 0, 4, 4, 3, 1, 0, 2, 0, 2, 3] Cost 611 Resources Of Agents [('0', 76), ('1', 64), ('2', 70), ('3', 68), ('4', 66)] | ;
Solution Before Init Neighbor [2, 4, 1, 3, 0, 4, 0, 0, 3, 4, 3, 1, 2, 0, 3, 3, 1, 1, 2, 1, 0, 2, 4, 3, 4, 1, 2, 2, 4, 0] Cost 522 | Initial SOL [0, 4, 4, 0, 2, 2, 1, 0, 3, 1, 4, 1, 3, 3, 3, 4, 2, 3, 2, 4, 0, 2, 0, 2, 1, 3, 1, 1, 0, 3] Cost 508 | Solution [0, 4, 4, 0, 2, 2, 1, 0, 3, 1, 4, 1, 3, 3, 3, 4, 2, 3, 2, 4, 0, 2, 0, 2, 1, 3, 1, 1, 0, 3] Cost 508 Resources Of Agents [('0', 76), ('1', 61), ('2', 67), ('3', 75), ('4', 58)] | ;
Solution Before Init Neighbor [2, 4, 1, 3, 0, 4, 0, 0, 3, 4, 3, 1, 2, 0, 3, 3, 1, 1, 2, 1, 0, 2, 4, 3, 4, 1, 2, 2, 4, 0] Cost 522 | Initial SOL [0, 3, 2, 2, 0, 1, 1, 4, 3, 1, 1, 1, 2, 2, 3, 0, 2, 2, 0, 4, 0, 3, 4, 3, 4, 1, 4, 4, 3, 0] Cost 521 | Solution [0, 3, 2, 2, 0, 1, 1, 4, 3, 1, 1, 1, 2, 2, 3, 0, 2, 2, 0, 4, 0, 3, 4, 3, 4, 1, 4, 4, 3, 0] Cost 521 Resources Of Agents [('0', 77), ('1', 61), ('2', 67), ('3', 75), ('4', 65)] | ;


gap4-5
AGENTS 5
JOBS 30
COSTS [[15, 20, 23, 10, 16, 20, 20, 24, 13, 13, 11, 11, 15, 16, 18, 17, 17, 19, 20, 10, 15, 17, 12, 17, 15, 23, 22, 23, 25, 16], [18, 23, 19, 11, 14, 20, 20, 13, 20, 11, 13, 24, 14, 16, 18, 19, 19, 14, 16, 12, 11, 16, 12, 23, 12, 19, 10, 10, 22, 20], [15, 23, 11, 19, 11, 13, 16, 21, 23, 24, 13, 15, 18, 24, 21, 23, 21, 20, 25, 19, 15, 18, 17, 21, 23, 10, 11, 20, 15, 17], [18, 24, 11, 21, 22, 11, 23, 11, 16, 12, 20, 21, 15, 10, 16, 24, 20, 19, 22, 19, 24, 25, 15, 24, 19, 18, 21, 20, 15, 23], [25, 16, 21, 13, 12, 12, 16, 17, 11, 21, 22, 12, 21, 13, 20, 22, 12, 21, 14, 20, 23, 13, 25, 10, 10, 20, 12, 19, 23, 14]]
resource_of_agent_job [[25, 9, 15, 24, 12, 14, 23, 13, 17, 15, 17, 15, 21, 23, 16, 23, 15, 18, 7, 16, 18, 10, 6, 24, 21, 8, 10, 16, 7, 7], [8, 20, 11, 9, 13, 6, 13, 13, 12, 24, 17, 9, 13, 17, 11, 15, 10, 24, 6, 20, 16, 14, 23, 12, 11, 11, 22, 8, 9, 12], [21, 7, 14, 8, 6, 18, 11, 18, 18, 10, 21, 9, 20, 20, 15, 20, 7, 17, 14, 8, 14, 12, 21, 19, 24, 21, 16, 5, 19, 17], [14, 20, 9, 14, 17, 8, 8, 9, 20, 17, 9, 19, 7, 15, 12, 12, 16, 22, 20, 5, 15, 16, 18, 8, 22, 24, 21, 22, 12, 7], [20, 7, 5, 10, 13, 7, 8, 21, 19, 16, 12, 20, 16, 8, 18, 17, 23, 6, 12, 10, 22, 24, 6, 20, 8, 9, 17, 8, 24, 22]]
capacity_of_agents [74, 65, 72, 70, 68]
Solution Before Init Neighbor [1, 0, 2, 1, 2, 1, 2, 3, 4, 2, 3, 1, 3, 4, 3, 3, 1, 4, 0, 2, 4, 2, 0, 3, 4, 0, 4, 1, 0, 0] Cost 517 | Initial SOL [1, 4, 2, 1, 0, 3, 3, 1, 1, 2, 4, 1, 3, 4, 0, 3, 2, 4, 0, 2, 2, 3, 4, 1, 4, 4, 0, 2, 3, 3] Cost 558 | Solution [4, 2, 0, 2, 1, 1, 3, 0, 1, 2, 4, 1, 3, 2, 1, 4, 2, 4, 2, 3, 3, 3, 4, 3, 0, 0, 0, 2, 0, 3] Cost 652 Resources Of Agents [('0', 74), ('1', 51), ('2', 71), ('3', 66), ('4', 61)] | ;
Solution Before Init Neighbor [1, 0, 2, 1, 2, 1, 2, 3, 4, 2, 3, 1, 3, 4, 3, 3, 1, 4, 0, 2, 4, 2, 0, 3, 4, 0, 4, 1, 0, 0] Cost 517 | Initial SOL [3, 2, 1, 1, 2, 3, 4, 0, 0, 2, 3, 1, 2, 4, 1, 1, 1, 4, 0, 2, 3, 2, 4, 3, 4, 4, 0, 0, 3, 0] Cost 558 | Solution [4, 2, 4, 2, 3, 1, 3, 0, 0, 2, 4, 1, 1, 1, 2, 3, 1, 4, 0, 4, 3, 0, 4, 3, 2, 0, 0, 2, 0, 3] Cost 641 Resources Of Agents [('0', 72), ('1', 55), ('2', 69), ('3', 67), ('4', 59)] | ;
Solution Before Init Neighbor [1, 0, 2, 1, 2, 1, 2, 3, 4, 2, 3, 1, 3, 4, 3, 3, 1, 4, 0, 2, 4, 2, 0, 3, 4, 0, 4, 1, 0, 0] Cost 517 | Initial SOL [1, 2, 4, 2, 0, 1, 2, 1, 1, 0, 3, 1, 3, 2, 3, 4, 0, 4, 1, 2, 3, 0, 3, 3, 4, 0, 0, 4, 4, 2] Cost 567 | Solution [1, 2, 4, 2, 0, 1, 2, 1, 1, 0, 3, 1, 3, 2, 3, 4, 0, 4, 1, 2, 3, 0, 3, 3, 4, 0, 0, 4, 4, 2] Cost 567 Resources Of Agents [('0', 70), ('1', 54), ('2', 71), ('3', 69), ('4', 68)] | ;
Solution Before Init Neighbor [1, 0, 2, 1, 2, 1, 2, 3, 4, 2, 3, 1, 3, 4, 3, 3, 1, 4, 0, 2, 4, 2, 0, 3, 4, 0, 4, 1, 0, 0] Cost 517 | Initial SOL [3, 0, 4, 4, 1, 1, 4, 0, 1, 2, 3, 0, 3, 4, 3, 4, 2, 3, 1, 3, 0, 2, 0, 2, 4, 4, 0, 2, 2, 1] Cost 535 | Solution [3, 0, 4, 4, 3, 1, 4, 0, 1, 2, 0, 2, 3, 4, 1, 4, 2, 3, 1, 3, 0, 2, 0, 2, 4, 4, 0, 1, 1, 1] Cost 537 Resources Of Agents [('0', 73), ('1', 64), ('2', 57), ('3', 65), ('4', 65)] | ;
Solution Before Init Neighbor [1, 0, 2, 1, 2, 1, 2, 3, 4, 2, 3, 1, 3, 4, 3, 3, 1, 4, 0, 2, 4, 2, 0, 3, 4, 0, 4, 1, 0, 0] Cost 517 | Initial SOL [1, 0, 3, 2, 4, 0, 3, 3, 3, 2, 3, 0, 1, 4, 2, 1, 4, 4, 2, 3, 1, 0, 0, 2, 4, 4, 0, 2, 0, 3] Cost 530 | Solution [1, 2, 4, 4, 1, 1, 3, 0, 2, 2, 4, 1, 1, 4, 2, 3, 2, 4, 2, 4, 3, 3, 4, 3, 0, 4, 0, 0, 0, 3] Cost 634 Resources Of Agents [('0', 67), ('1', 49), ('2', 71), ('3', 66), ('4', 66)] | ;
Solution Before Init Neighbor [1, 0, 2, 1, 2, 1, 2, 3, 4, 2, 3, 1, 3, 4, 3, 3, 1, 4, 0, 2, 4, 2, 0, 3, 4, 0, 4, 1, 0, 0] Cost 517 | Initial SOL [3, 4, 3, 4, 4, 1, 2, 3, 2, 0, 3, 1, 3, 4, 1, 4, 2, 4, 1, 3, 3, 0, 4, 2, 1, 0, 0, 1, 0, 0] Cost 537 | Solution [1, 2, 4, 3, 0, 1, 1, 0, 1, 2, 3, 1, 4, 4, 2, 4, 1, 4, 2, 4, 3, 3, 4, 3, 2, 0, 0, 0, 0, 3] Cost 650 Resources Of Agents [('0', 66), ('1', 58), ('2', 70), ('3', 69), ('4', 68)] | ;
Solution Before Init Neighbor [1, 0, 2, 1, 2, 1, 2, 3, 4, 2, 3, 1, 3, 4, 3, 3, 1, 4, 0, 2, 4, 2, 0, 3, 4, 0, 4, 1, 0, 0] Cost 517 | 