gap3-1
AGENTS 5
JOBS 25
COSTS [[18, 19, 19, 17, 24, 25, 24, 25, 25, 23, 20, 21, 25, 17, 25, 21, 25, 19, 23, 19, 20, 15, 25, 23, 17], [25, 17, 18, 16, 18, 15, 23, 20, 19, 22, 23, 18, 17, 16, 16, 24, 16, 23, 23, 24, 19, 17, 15, 17, 17], [17, 25, 15, 23, 21, 20, 24, 17, 21, 22, 22, 15, 18, 23, 17, 22, 20, 24, 19, 18, 15, 15, 18, 19, 19], [21, 16, 25, 23, 18, 21, 18, 16, 21, 21, 15, 21, 24, 23, 24, 23, 20, 25, 24, 18, 19, 23, 22, 22, 16], [24, 16, 24, 19, 16, 25, 23, 25, 17, 21, 21, 22, 17, 25, 19, 21, 23, 19, 17, 24, 19, 15, 20, 15, 20]]
resource_of_agent_job [[25, 23, 5, 13, 6, 15, 24, 9, 17, 11, 5, 6, 8, 14, 9, 9, 21, 23, 13, 8, 22, 20, 24, 15, 20], [18, 8, 5, 20, 8, 7, 13, 17, 9, 16, 19, 11, 6, 12, 25, 23, 9, 21, 11, 15, 24, 23, 15, 21, 12], [7, 25, 13, 9, 16, 16, 8, 17, 5, 17, 10, 18, 21, 25, 17, 24, 20, 16, 9, 18, 18, 18, 16, 6, 24], [25, 11, 8, 7, 25, 20, 24, 16, 9, 15, 22, 10, 17, 6, 22, 11, 19, 20, 14, 14, 8, 18, 22, 18, 22], [7, 16, 20, 18, 13, 10, 15, 20, 5, 19, 11, 6, 11, 23, 15, 21, 15, 20, 21, 11, 9, 25, 17, 18, 12]]
capacity_of_agents [58, 58, 62, 64, 60]
Solution Before Init Neighbor [2, 1, 0, 2, 0, 1, 2, 4, 1, 3, 0, 0, 0, 3, 4, 3, 1, 2, 1, 3, 3, 0, 4, 2, 4] Cost 509 | Initial SOL [4, 4, 1, 2, 0, 4, 1, 2, 3, 1, 0, 0, 0, 1, 4, 0, 1, 3, 2, 0, 3, 3, 2, 0, 4] Cost 517 | Solution [4, 4, 1, 2, 0, 4, 1, 2, 3, 1, 0, 0, 0, 1, 4, 0, 1, 3, 2, 0, 3, 3, 2, 0, 4] Cost 517 Resources Of Agents [('0', 57), ('1', 55), ('2', 51), ('3', 55), ('4', 60)] | ;
Solution Before Init Neighbor [2, 1, 0, 2, 0, 1, 2, 4, 1, 3, 0, 0, 0, 3, 4, 3, 1, 2, 1, 3, 3, 0, 4, 2, 4] Cost 509 | Initial SOL [4, 3, 0, 3, 0, 3, 1, 0, 2, 2, 0, 4, 0, 1, 0, 2, 4, 2, 1, 0, 3, 3, 1, 4, 4] Cost 529 | Solution [4, 3, 0, 3, 0, 3, 1, 0, 2, 2, 0, 4, 0, 1, 0, 2, 4, 2, 1, 0, 3, 3, 1, 4, 4] Cost 529 Resources Of Agents [('0', 50), ('1', 51), ('2', 62), ('3', 64), ('4', 58)] | ;
Solution Before Init Neighbor [2, 1, 0, 2, 0, 1, 2, 4, 1, 3, 0, 0, 0, 3, 4, 3, 1, 2, 1, 3, 3, 0, 4, 2, 4] Cost 509 | Initial SOL [2, 4, 0, 3, 0, 4, 1, 0, 0, 2, 4, 4, 1, 3, 0, 0, 1, 3, 2, 2, 4, 3, 1, 2, 1] Cost 519 | Solution [2, 4, 0, 2, 0, 3, 2, 0, 0, 2, 4, 1, 1, 3, 0, 0, 1, 3, 2, 1, 4, 3, 4, 2, 1] Cost 523 Resources Of Agents [('0', 55), ('1', 53), ('2', 56), ('3', 64), ('4', 53)] | ;
Solution Before Init Neighbor [2, 1, 0, 2, 0, 1, 2, 4, 1, 3, 0, 0, 0, 3, 4, 3, 1, 2, 1, 3, 3, 0, 4, 2, 4] Cost 509 | Initial SOL [4, 1, 0, 0, 0, 1, 4, 2, 4, 3, 0, 4, 1, 1, 0, 0, 1, 2, 2, 3, 4, 2, 1, 3, 4] Cost 483 | Solution [4, 1, 0, 0, 0, 1, 4, 2, 4, 3, 0, 4, 1, 1, 0, 0, 1, 2, 2, 3, 4, 2, 1, 3, 4] Cost 483 Resources Of Agents [('0', 47), ('1', 57), ('2', 60), ('3', 47), ('4', 54)] | ;
Solution Before Init Neighbor [2, 1, 0, 2, 0, 1, 2, 4, 1, 3, 0, 0, 0, 3, 4, 3, 1, 2, 1, 3, 3, 0, 4, 2, 4] Cost 509 | Initial SOL [2, 1, 1, 2, 0, 4, 2, 0, 4, 4, 4, 3, 0, 3, 0, 0, 1, 3, 2, 4, 2, 1, 3, 2, 1] Cost 521 | Solution [2, 1, 1, 2, 0, 4, 2, 0, 4, 4, 4, 3, 0, 3, 0, 0, 1, 3, 2, 4, 2, 1, 3, 2, 1] Cost 521 Resources Of Agents [('0', 41), ('1', 57), ('2', 57), ('3', 58), ('4', 56)] | ;
Solution Before Init Neighbor [2, 1, 0, 2, 0, 1, 2, 4, 1, 3, 0, 0, 0, 3, 4, 3, 1, 2, 1, 3, 3, 0, 4, 2, 4] Cost 509 | Initial SOL [2, 3, 1, 3, 0, 1, 2, 1, 4, 0, 0, 1, 4, 3, 2, 0, 1, 2, 4, 4, 0, 3, 3, 2, 4] Cost 498 | Solution [4, 1, 3, 3, 0, 0, 2, 0, 2, 2, 2, 0, 0, 3, 3, 0, 4, 2, 1, 1, 4, 3, 4, 2, 4] Cost 561 Resources Of Agents [('0', 53), ('1', 34), ('2', 62), ('3', 61), ('4', 60)] | ;
Solution Before Init Neighbor [2, 1, 0, 2, 0, 1, 2, 4, 1, 3, 0, 0, 0, 3, 4, 3, 1, 2, 1, 3, 3, 0, 4, 2, 4] Cost 509 | Initial SOL [2, 1, 1, 3, 1, 1, 1, 0, 1, 0, 0, 0, 1, 3, 2, 3, 4, 4, 2, 4, 2, 3, 3, 2, 0] Cost 500 | Solution [1, 1, 3, 2, 0, 4, 2, 0, 2, 0, 1, 4, 0, 3, 0, 3, 3, 2, 0, 4, 4, 3, 4, 2, 1] Cost 562 Resources Of Agents [('0', 56), ('1', 57), ('2', 44), ('3', 62), ('4', 53)] | ;
Solution Before Init Neighbor [2, 1, 0, 2, 0, 1, 2, 4, 1, 3, 0, 0, 0, 3, 4, 3, 1, 2, 1, 3, 3, 0, 4, 2, 4] Cost 509 | Initial SOL [2, 4, 0, 3, 1, 1, 4, 3, 2, 0, 1, 1, 3, 0, 0, 0, 1, 2, 2, 0, 2, 3, 4, 2, 4] Cost 494 | Solution [2, 1, 1, 3, 0, 4, 2, 3, 1, 3, 2, 0, 1, 3, 0, 2, 1, 4, 0, 4, 0, 3, 4, 2, 1] Cost 515 Resources Of Agents [('0', 56), ('1', 49), ('2', 55), ('3', 62), ('4', 58)] | ;
Solution Before Init Neighbor [2, 1, 0, 2, 0, 1, 2, 4, 1, 3, 0, 0, 0, 3, 4, 3, 1, 2, 1, 3, 3, 0, 4, 2, 4] Cost 509 | Initial SOL [4, 4, 3, 3, 0, 4, 2, 0, 1, 1, 0, 0, 4, 0, 0, 3, 1, 2, 2, 0, 2, 3, 1, 2, 4] Cost 520 | Solution [4, 4, 3, 3, 0, 4, 2, 0, 1, 1, 0, 0, 4, 0, 0, 3, 1, 2, 2, 0, 2, 3, 1, 2, 4] Cost 520 Resources Of Agents [('0', 57), ('1', 49), ('2', 57), ('3', 44), ('4', 56)] | ;
Solution Before Init Neighbor [2, 1, 0, 2, 0, 1, 2, 4, 1, 3, 0, 0, 0, 3, 4, 3, 1, 2, 1, 3, 3, 0, 4, 2, 4] Cost 509 | Initial SOL [4, 1, 1, 0, 2, 1, 3, 0, 4, 0, 0, 3, 4, 3, 4, 3, 1, 4, 1, 2, 3, 2, 1, 2, 0] Cost 479 | Solution [1, 1, 3, 2, 0, 4, 2, 0, 3, 2, 2, 4, 0, 3, 0, 3, 4, 2, 1, 1, 3, 0, 4, 3, 4] Cost 561 Resources Of Agents [('0', 52), ('1', 52), ('2', 60), ('3', 60), ('4', 60)] | ;
gap3-2
AGENTS 5
JOBS 25
COSTS [[22, 20, 18, 19, 18, 24, 22, 17, 23, 20, 24, 15, 21, 24, 24, 24, 24, 25, 19, 15, 22, 19, 20, 16, 20], [15, 25, 18, 18, 21, 15, 20, 16, 21, 17, 15, 22, 18, 20, 18, 18, 19, 15, 15, 17, 19, 19, 17, 22, 22], [23, 18, 24, 15, 20, 24, 18, 18, 20, 16, 23, 16, 23, 16, 15, 17, 17, 20, 24, 22, 23, 17, 15, 25, 17], [17, 19, 18, 20, 20, 19, 17, 25, 19, 20, 16, 17, 17, 16, 21, 21, 25, 18, 15, 15, 24, 24, 15, 15, 24], [17, 22, 19, 19, 19, 24, 15, 16, 16, 25, 25, 24, 20, 17, 15, 17, 17, 19, 16, 18, 23, 20, 15, 21, 18]]
resource_of_agent_job [[14, 11, 25, 16, 17, 18, 22, 16, 20, 6, 6, 14, 14, 25, 9, 7, 6, 11, 25, 19, 22, 11, 20, 8, 19], [18, 16, 5, 17, 8, 21, 9, 5, 12, 9, 8, 20, 6, 18, 16, 11, 14, 11, 6, 21, 6, 5, 14, 18, 12], [11, 5, 6, 8, 20, 12, 14, 9, 15, 17, 23, 11, 11, 12, 20, 16, 10, 10, 12, 18, 24, 6, 20, 9, 18], [6, 16, 8, 6, 5, 9, 12, 7, 24, 8, 10, 14, 23, 12, 9, 5, 22, 8, 11, 5, 16, 6, 20, 14, 17], [16, 23, 5, 6, 8, 24, 25, 5, 25, 19, 23, 8, 16, 7, 16, 8, 16, 14, 17, 25, 18, 23, 12, 5, 20]]
capacity_of_agents [60, 48, 53, 46, 61]
Solution Before Init Neighbor [2, 2, 1, 2, 3, 3, 3, 1, 4, 0, 0, 2, 1, 4, 3, 0, 0, 2, 1, 3, 4, 1, 4, 0, 4] Cost 467 | Initial SOL [2, 2, 1, 3, 3, 2, 2, 4, 1, 0, 0, 4, 1, 4, 4, 0, 3, 4, 1, 3, 1, 0, 0, 2, 1] Cost 499 | Solution [0, 4, 1, 3, 3, 3, 3, 3, 1, 0, 0, 4, 2, 1, 0, 0, 0, 0, 2, 2, 4, 3, 4, 2, 1] Cost 547 Resources Of Agents [('0', 59), ('1', 47), ('2', 50), ('3', 45), ('4', 61)] | ;
Solution Before Init Neighbor [2, 2, 1, 2, 3, 3, 3, 1, 4, 0, 0, 2, 1, 4, 3, 0, 0, 2, 1, 3, 4, 1, 4, 0, 4] Cost 467 | Initial SOL [3, 2, 1, 4, 4, 3, 2, 4, 1, 3, 0, 4, 2, 4, 3, 4, 4, 2, 0, 3, 1, 3, 0, 0, 1] Cost 483 | Solution [2, 1, 2, 4, 1, 2, 1, 3, 0, 0, 0, 4, 2, 4, 3, 0, 0, 0, 4, 3, 4, 3, 1, 2, 3] Cost 550 Resources Of Agents [('0', 56), ('1', 47), ('2', 49), ('3', 44), ('4', 56)] | ;
Solution Before Init Neighbor [2, 2, 1, 2, 3, 3, 3, 1, 4, 0, 0, 2, 1, 4, 3, 0, 0, 2, 1, 3, 4, 1, 4, 0, 4] Cost 467 | Initial SOL [3, 4, 2, 4, 1, 3, 3, 4, 1, 0, 1, 2, 4, 4, 0, 0, 0, 1, 2, 3, 1, 3, 2, 0, 0] Cost 484 | Solution [3, 4, 2, 4, 1, 3, 3, 4, 1, 0, 1, 2, 4, 4, 0, 0, 0, 1, 2, 3, 1, 3, 2, 0, 0] Cost 484 Resources Of Agents [('0', 55), ('1', 45), ('2', 49), ('3', 38), ('4', 57)] | ;
Solution Before Init Neighbor [2, 2, 1, 2, 3, 3, 3, 1, 4, 0, 0, 2, 1, 4, 3, 0, 0, 2, 1, 3, 4, 1, 4, 0, 4] Cost 467 | Initial SOL [3, 0, 3, 3, 3, 2, 1, 3, 2, 0, 1, 2, 2, 4, 4, 0, 0, 0, 1, 4, 1, 3, 4, 1, 0] Cost 496 | Solution [3, 0, 2, 3, 4, 2, 1, 4, 3, 4, 3, 4, 0, 4, 0, 0, 0, 4, 1, 2, 1, 0, 1, 2, 1] Cost 512 Resources Of Agents [('0', 58), ('1', 47), ('2', 45), ('3', 46), ('4', 61)] | ;
Solution Before Init Neighbor [2, 2, 1, 2, 3, 3, 3, 1, 4, 0, 0, 2, 1, 4, 3, 0, 0, 2, 1, 3, 4, 1, 4, 0, 4] Cost 467 | Initial SOL [3, 0, 3, 4, 3, 4, 1, 1, 0, 0, 3, 4, 2, 4, 3, 3, 2, 4, 1, 2, 1, 1, 0, 2, 1] Cost 497 | Solution [0, 4, 2, 3, 1, 2, 1, 4, 0, 0, 0, 4, 2, 4, 1, 0, 0, 3, 2, 3, 4, 3, 1, 2, 3] Cost 536 Resources Of Agents [('0', 59), ('1', 47), ('2', 50), ('3', 42), ('4', 61)] | ;
Solution Before Init Neighbor [2, 2, 1, 2, 3, 3, 3, 1, 4, 0, 0, 2, 1, 4, 3, 0, 0, 2, 1, 3, 4, 1, 4, 0, 4] Cost 467 | Initial SOL [3, 2, 2, 3, 1, 0, 1, 3, 4, 0, 1, 4, 2, 4, 4, 2, 0, 2, 3, 3, 1, 3, 0, 4, 1] Cost 496 | Solution [2, 1, 2, 3, 1, 2, 0, 3, 1, 4, 0, 4, 0, 4, 0, 3, 0, 4, 2, 3, 3, 3, 4, 2, 1] Cost 553 Resources Of Agents [('0', 57), ('1', 48), ('2', 50), ('3', 45), ('4', 60)] | ;
Solution Before Init Neighbor [2, 2, 1, 2, 3, 3, 3, 1, 4, 0, 0, 2, 1, 4, 3, 0, 0, 2, 1, 3, 4, 1, 4, 0, 4] Cost 467 | Initial SOL [0, 2, 2, 2, 3, 4, 1, 3, 1, 1, 0, 0, 4, 3, 3, 0, 2, 0, 3, 2, 1, 2, 4, 4, 1] Cost 499 | Solution [0, 2, 2, 2, 3, 4, 1, 3, 1, 1, 0, 0, 4, 3, 3, 0, 2, 0, 3, 2, 1, 2, 4, 4, 1] Cost 499 Resources Of Agents [('0', 52), ('1', 48), ('2', 53), ('3', 44), ('4', 57)] | ;
Solution Before Init Neighbor [2, 2, 1, 2, 3, 3, 3, 1, 4, 0, 0, 2, 1, 4, 3, 0, 0, 2, 1, 3, 4, 1, 4, 0, 4] Cost 467 | Initial SOL [3, 2, 4, 4, 4, 3, 1, 1, 2, 3, 0, 4, 1, 2, 0, 3, 0, 4, 2, 0, 1, 1, 0, 4, 1] Cost 497 | Solution [3, 2, 4, 4, 4, 3, 1, 1, 2, 3, 0, 4, 1, 2, 0, 3, 0, 4, 2, 0, 1, 1, 0, 4, 1] Cost 497 Resources Of Agents [('0', 60), ('1', 43), ('2', 44), ('3', 28), ('4', 46)] | ;
Solution Before Init Neighbor [2, 2, 1, 2, 3, 3, 3, 1, 4, 0, 0, 2, 1, 4, 3, 0, 0, 2, 1, 3, 4, 1, 4, 0, 4] Cost 467 | Initial SOL [0, 2, 1, 4, 4, 3, 3, 1, 2, 1, 4, 4, 1, 2, 0, 0, 0, 4, 3, 3, 1, 2, 0, 2, 1] Cost 492 | Solution [0, 2, 1, 4, 4, 3, 3, 1, 2, 1, 4, 4, 1, 2, 0, 0, 0, 4, 3, 3, 1, 2, 0, 2, 1] Cost 492 Resources Of Agents [('0', 56), ('1', 43), ('2', 47), ('3', 37), ('4', 59)] | ;
Solution Before Init Neighbor [2, 2, 1, 2, 3, 3, 3, 1, 4, 0, 0, 2, 1, 4, 3, 0, 0, 2, 1, 3, 4, 1, 4, 0, 4] Cost 467 | Initial SOL [3, 2, 2, 2, 1, 3, 1, 4, 0, 1, 0, 4, 2, 4, 2, 0, 0, 3, 4, 0, 1, 3, 4, 3, 1] Cost 485 | Solution [2, 4, 2, 4, 1, 2, 1, 3, 0, 3, 0, 4, 2, 1, 0, 0, 0, 0, 2, 3, 3, 3, 4, 4, 1] Cost 554 Resources Of Agents [('0', 59), ('1', 47), ('2', 52), ('3', 42), ('4', 54)] | ;
gap3-3
AGENTS 5
JOBS 25
COSTS [[15, 19, 20, 22, 21, 24, 20, 22, 18, 24, 20, 22, 18, 24, 21, 16, 21, 17, 17, 18, 25, 21, 22, 25, 22], [21, 24, 24, 17, 24, 20, 19, 23, 16, 23, 23, 22, 17, 16, 23, 16, 24, 18, 15, 17, 24, 22, 24, 15, 16], [18, 25, 16, 22, 18, 23, 21, 21, 19, 25, 15, 19, 23, 19, 19, 15, 22, 17, 16, 21, 18, 22, 17, 25, 18], [22, 22, 15, 19, 18, 19, 19, 22, 17, 17, 24, 20, 21, 21, 24, 19, 25, 19, 15, 20, 22, 18, 20, 17, 15], [23, 18, 21, 23, 15, 19, 19, 19, 20, 19, 17, 20, 20, 21, 23, 25, 24, 23, 23, 19, 19, 20, 17, 15, 24]]
resource_of_agent_job [[19, 14, 6, 10, 6, 20, 16, 12, 17, 23, 7, 23, 20, 15, 7, 17, 7, 25, 10, 17, 10, 6, 10, 23, 12], [18, 8, 17, 19, 19, 24, 20, 10, 11, 14, 17, 19, 23, 24, 7, 25, 24, 24, 8, 17, 9, 22, 8, 11, 11], [14, 15, 18, 22, 9, 8, 10, 21, 17, 18, 9, 19, 6, 25, 17, 6, 12, 6, 12, 15, 21, 12, 14, 19, 7], [6, 5, 5, 23, 12, 6, 11, 16, 13, 20, 12, 9, 24, 16, 22, 12, 8, 24, 21, 13, 8, 18, 13, 17, 21], [18, 25, 20, 18, 20, 8, 18, 24, 11, 9, 14, 23, 18, 19, 11, 5, 12, 11, 17, 16, 22, 17, 6, 16, 24]]
capacity_of_agents [56, 65, 56, 56, 64]
Solution Before Init Neighbor [3, 1, 0, 4, 0, 2, 3, 1, 3, 4, 0, 3, 2, 4, 0, 2, 3, 2, 1, 4, 1, 0, 1, 4, 2] Cost 509 | Initial SOL [3, 3, 1, 2, 2, 4, 3, 1, 1, 3, 2, 3, 2, 0, 1, 2, 0, 4, 4, 4, 1, 0, 0, 1, 0] Cost 512 | Solution [3, 1, 0, 4, 0, 3, 2, 1, 4, 1, 3, 1, 2, 0, 3, 4, 3, 4, 4, 2, 0, 0, 1, 2, 0] Cost 567 Resources Of Agents [('0', 55), ('1', 59), ('2', 50), ('3', 54), ('4', 62)] | ;
Solution Before Init Neighbor [3, 1, 0, 4, 0, 2, 3, 1, 3, 4, 0, 3, 2, 4, 0, 2, 3, 2, 1, 4, 1, 0, 1, 4, 2] Cost 509 | Initial SOL [0, 3, 0, 1, 2, 3, 2, 1, 4, 2, 1, 3, 2, 4, 4, 4, 3, 2, 1, 0, 1, 4, 0, 3, 2] Cost 511 | Solution [3, 1, 1, 0, 1, 2, 3, 1, 4, 2, 0, 3, 2, 0, 4, 4, 3, 4, 4, 2, 3, 0, 3, 1, 0] Cost 553 Resources Of Agents [('0', 50), ('1', 65), ('2', 47), ('3', 55), ('4', 55)] | ;
Solution Before Init Neighbor [3, 1, 0, 4, 0, 2, 3, 1, 3, 4, 0, 3, 2, 4, 0, 2, 3, 2, 1, 4, 1, 0, 1, 4, 2] Cost 509 | Initial SOL [2, 1, 0, 0, 3, 2, 2, 1, 4, 4, 2, 3, 1, 3, 1, 4, 3, 2, 0, 0, 3, 4, 0, 4, 1] Cost 501 | Solution [4, 2, 1, 0, 0, 3, 3, 1, 4, 2, 3, 1, 2, 0, 0, 4, 3, 4, 4, 2, 1, 0, 1, 3, 0] Cost 560 Resources Of Agents [('0', 56), ('1', 63), ('2', 54), ('3', 54), ('4', 62)] | ;
Solution Before Init Neighbor [3, 1, 0, 4, 0, 2, 3, 1, 3, 4, 0, 3, 2, 4, 0, 2, 3, 2, 1, 4, 1, 0, 1, 4, 2] Cost 509 | Initial SOL [2, 1, 2, 1, 3, 3, 0, 0, 4, 1, 2, 3, 2, 0, 4, 2, 3, 4, 4, 3, 3, 0, 4, 1, 1] Cost 499 | Solution [4, 1, 1, 0, 1, 3, 2, 1, 4, 2, 3, 3, 2, 3, 0, 4, 4, 4, 0, 3, 0, 0, 1, 2, 0] Cost 560 Resources Of Agents [('0', 55), ('1', 62), ('2', 53), ('3', 56), ('4', 57)] | ;
Solution Before Init Neighbor [3, 1, 0, 4, 0, 2, 3, 1, 3, 4, 0, 3, 2, 4, 0, 2, 3, 2, 1, 4, 1, 0, 1, 4, 2] Cost 509 | Initial SOL [3, 1, 0, 0, 3, 2, 2, 1, 4, 1, 2, 1, 3, 0, 0, 3, 4, 2, 4, 2, 0, 0, 4, 1, 2] Cost 519 | Solution [4, 2, 1, 4, 0, 4, 2, 3, 0, 1, 0, 3, 2, 3, 1, 4, 4, 2, 1, 3, 1, 2, 1, 0, 2] Cost 540 Resources Of Agents [('0', 53), ('1', 63), ('2', 56), ('3', 54), ('4', 61)] | ;
Solution Before Init Neighbor [3, 1, 0, 4, 0, 2, 3, 1, 3, 4, 0, 3, 2, 4, 0, 2, 3, 2, 1, 4, 1, 0, 1, 4, 2] Cost 509 | Initial SOL [3, 3, 0, 2, 2, 0, 3, 3, 4, 1, 4, 3, 2, 0, 4, 2, 3, 2, 1, 1, 4, 0, 4, 1, 1] Cost 496 | Solution [3, 3, 0, 2, 2, 0, 3, 3, 4, 1, 4, 3, 2, 0, 4, 2, 3, 2, 1, 1, 4, 0, 4, 1, 1] Cost 496 Resources Of Agents [('0', 47), ('1', 61), ('2', 49), ('3', 55), ('4', 64)] | ;
Solution Before Init Neighbor [3, 1, 0, 4, 0, 2, 3, 1, 3, 4, 0, 3, 2, 4, 0, 2, 3, 2, 1, 4, 1, 0, 1, 4, 2] Cost 509 | Initial SOL [3, 1, 0, 2, 0, 2, 3, 0, 1, 4, 0, 3, 4, 4, 4, 2, 0, 3, 2, 0, 1, 1, 4, 1, 2] Cost 497 | Solution [3, 2, 1, 0, 0, 2, 2, 1, 4, 1, 3, 3, 2, 0, 1, 4, 3, 4, 4, 4, 0, 2, 1, 3, 0] Cost 563 Resources Of Agents [('0', 53), ('1', 56), ('2', 51), ('3', 52), ('4', 60)] | ;
Solution Before Init Neighbor [3, 1, 0, 4, 0, 2, 3, 1, 3, 4, 0, 3, 2, 4, 0, 2, 3, 2, 1, 4, 1, 0, 1, 4, 2] Cost 509 | Initial SOL [3, 3, 3, 0, 1, 0, 3, 1, 4, 4, 2, 3, 2, 3, 0, 4, 2, 1, 1, 4, 0, 4, 4, 2, 2] Cost 514 | Solution [3, 2, 0, 0, 1, 2, 3, 1, 0, 1, 3, 4, 2, 0, 1, 4, 3, 4, 4, 3, 1, 0, 4, 2, 2] Cost 554 Resources Of Agents [('0', 54), ('1', 59), ('2', 55), ('3', 50), ('4', 62)] | ;
Solution Before Init Neighbor [3, 1, 0, 4, 0, 2, 3, 1, 3, 4, 0, 3, 2, 4, 0, 2, 3, 2, 1, 4, 1, 0, 1, 4, 2] Cost 509 | Initial SOL [3, 1, 3, 0, 3, 2, 2, 0, 1, 4, 0, 3, 2, 3, 0, 2, 2, 1, 4, 4, 1, 0, 2, 4, 1] Cost 497 | Solution [3, 1, 3, 0, 3, 2, 2, 0, 1, 4, 0, 3, 2, 3, 0, 2, 2, 1, 4, 4, 1, 0, 2, 4, 1] Cost 497 Resources Of Agents [('0', 42), ('1', 63), ('2', 56), ('3', 48), ('4', 58)] | ;
Solution Before Init Neighbor [3, 1, 0, 4, 0, 2, 3, 1, 3, 4, 0, 3, 2, 4, 0, 2, 3, 2, 1, 4, 1, 0, 1, 4, 2] Cost 509 | Initial SOL [1, 3, 3, 1, 0, 4, 3, 1, 4, 2, 0, 4, 2, 3, 2, 2, 3, 2, 1, 4, 1, 0, 4, 0, 0] Cost 505 | Solution [1, 3, 3, 1, 0, 4, 3, 1, 4, 2, 0, 4, 2, 3, 2, 2, 3, 2, 1, 4, 1, 0, 4, 0, 0] Cost 505 Resources Of Agents [('0', 54), ('1', 64), ('2', 53), ('3', 45), ('4', 64)] | ;
gap3-4
AGENTS 5
JOBS 25
COSTS [[16, 18, 22, 17, 21, 18, 15, 20, 16, 17, 17, 20, 23, 18, 24, 25, 22, 20, 20, 23, 25, 16, 17, 24, 18], [23, 15, 16, 16, 15, 21, 20, 25, 18, 16, 25, 15, 20, 18, 16, 16, 20, 17, 17, 22, 23, 22, 20, 17, 18], [21, 20, 22, 20, 24, 24, 24, 23, 18, 15, 18, 17, 19, 17, 21, 25, 21, 16, 22, 16, 17, 25, 20, 18, 19], [21, 18, 22, 24, 24, 24, 22, 21, 20, 15, 20, 18, 25, 24, 25, 15, 19, 15, 21, 23, 23, 24, 20, 17, 15], [18, 19, 24, 16, 17, 16, 17, 22, 23, 24, 15, 20, 23, 17, 21, 24, 23, 22, 17, 16, 25, 15, 20, 23, 16]]
resource_of_agent_job [[21, 18, 18, 5, 12, 23, 21, 12, 16, 20, 21, 23, 12, 9, 24, 6, 22, 22, 12, 20, 5, 11, 8, 6, 14], [9, 18, 18, 16, 22, 8, 10, 17, 15, 13, 22, 20, 19, 7, 10, 25, 15, 10, 21, 10, 23, 8, 6, 20, 11], [23, 8, 16, 25, 5, 14, 18, 12, 17, 21, 25, 12, 16, 24, 5, 18, 16, 21, 23, 9, 21, 25, 8, 5, 16], [14, 5, 18, 11, 15, 10, 10, 11, 6, 16, 7, 17, 20, 7, 24, 12, 6, 18, 8, 12, 17, 6, 25, 16, 23], [18, 18, 7, 21, 23, 13, 5, 15, 20, 24, 19, 21, 23, 10, 22, 23, 11, 22, 25, 7, 21, 11, 23, 13, 22]]
capacity_of_agents [60, 59, 64, 53, 69]
Solution Before Init Neighbor [1, 2, 4, 0, 2, 1, 1, 2, 3, 3, 3, 4, 0, 1, 2, 0, 3, 4, 3, 2, 0, 1, 0, 0, 4] Cost 516 | Initial SOL [1, 2, 3, 3, 2, 1, 4, 4, 3, 0, 0, 1, 2, 1, 2, 0, 4, 1, 3, 4, 0, 3, 0, 2, 4] Cost 502 | Solution [1, 2, 4, 3, 2, 3, 1, 1, 3, 4, 1, 4, 2, 3, 2, 0, 4, 0, 3, 0, 0, 3, 2, 0, 2] Cost 561 Resources Of Agents [('0', 59), ('1', 58), ('2', 58), ('3', 48), ('4', 63)] | ;
Solution Before Init Neighbor [1, 2, 4, 0, 2, 1, 1, 2, 3, 3, 3, 4, 0, 1, 2, 0, 3, 4, 3, 2, 0, 1, 0, 0, 4] Cost 516 | Initial SOL [4, 3, 1, 3, 4, 2, 4, 0, 3, 2, 3, 2, 0, 3, 2, 0, 4, 1, 0, 2, 0, 4, 0, 1, 1] Cost 487 | Solution [1, 2, 4, 3, 2, 2, 1, 2, 3, 4, 1, 0, 3, 1, 2, 0, 4, 4, 3, 0, 0, 3, 2, 0, 1] Cost 560 Resources Of Agents [('0', 60), ('1', 59), ('2', 52), ('3', 51), ('4', 64)] | ;
Solution Before Init Neighbor [1, 2, 4, 0, 2, 1, 1, 2, 3, 3, 3, 4, 0, 1, 2, 0, 3, 4, 3, 2, 0, 1, 0, 0, 4] Cost 516 | Initial SOL [4, 2, 4, 0, 2, 1, 4, 2, 4, 1, 3, 2, 0, 4, 2, 0, 3, 2, 1, 1, 0, 3, 3, 0, 0] Cost 511 | Solution [1, 2, 4, 3, 2, 3, 2, 1, 4, 1, 3, 4, 0, 3, 0, 0, 4, 1, 3, 1, 0, 3, 2, 0, 2] Cost 558 Resources Of Agents [('0', 53), ('1', 59), ('2', 55), ('3', 49), ('4', 59)] | ;
Solution Before Init Neighbor [1, 2, 4, 0, 2, 1, 1, 2, 3, 3, 3, 4, 0, 1, 2, 0, 3, 4, 3, 2, 0, 1, 0, 0, 4] Cost 516 | Initial SOL [1, 2, 4, 0, 2, 1, 4, 2, 0, 4, 3, 2, 1, 1, 4, 2, 3, 1, 3, 3, 3, 4, 2, 0, 0] Cost 510 | Solution [1, 3, 4, 3, 2, 2, 2, 1, 3, 4, 3, 0, 0, 3, 2, 0, 4, 4, 3, 1, 0, 3, 1, 0, 2] Cost 563 Resources Of Agents [('0', 52), ('1', 42), ('2', 58), ('3', 50), ('4', 64)] | ;
Solution Before Init Neighbor [1, 2, 4, 0, 2, 1, 1, 2, 3, 3, 3, 4, 0, 1, 2, 0, 3, 4, 3, 2, 0, 1, 0, 0, 4] Cost 516 | Initial SOL [3, 3, 4, 0, 1, 3, 4, 2, 3, 0, 3, 2, 2, 1, 2, 0, 3, 4, 0, 4, 0, 1, 0, 4, 2] Cost 499 | Solution [1, 2, 4, 3, 2, 2, 3, 1, 3, 4, 0, 3, 4, 1, 2, 0, 4, 0, 2, 1, 0, 3, 2, 0, 1] Cost 550 Resources Of Agents [('0', 60), ('1', 54), ('2', 63), ('3', 50), ('4', 65)] | ;
Solution Before Init Neighbor [1, 2, 4, 0, 2, 1, 1, 2, 3, 3, 3, 4, 0, 1, 2, 0, 3, 4, 3, 2, 0, 1, 0, 0, 4] Cost 516 | Initial SOL [0, 2, 2, 4, 2, 1, 4, 0, 3, 1, 3, 1, 4, 4, 2, 3, 3, 0, 2, 4, 0, 3, 1, 2, 1] Cost 485 | Solution [1, 4, 4, 3, 2, 3, 1, 2, 3, 0, 3, 4, 4, 3, 2, 0, 0, 1, 3, 1, 0, 2, 1, 0, 2] Cost 546 Resources Of Agents [('0', 59), ('1', 45), ('2', 63), ('3', 49), ('4', 69)] | ;
Solution Before Init Neighbor [1, 2, 4, 0, 2, 1, 1, 2, 3, 3, 3, 4, 0, 1, 2, 0, 3, 4, 3, 2, 0, 1, 0, 0, 4] Cost 516 | Initial SOL [1, 3, 4, 3, 2, 4, 3, 3, 1, 3, 4, 2, 0, 0, 2, 0, 4, 2, 0, 1, 0, 1, 2, 2, 1] Cost 508 | Solution [1, 3, 4, 3, 2, 4, 3, 3, 1, 3, 4, 2, 0, 0, 2, 0, 4, 2, 0, 1, 0, 1, 2, 2, 1] Cost 508 Resources Of Agents [('0', 44), ('1', 53), ('2', 56), ('3', 53), ('4', 50)] | ;
Solution Before Init Neighbor [1, 2, 4, 0, 2, 1, 1, 2, 3, 3, 3, 4, 0, 1, 2, 0, 3, 4, 3, 2, 0, 1, 0, 0, 4] Cost 516 | Initial SOL [4, 4, 4, 0, 0, 1, 1, 2, 3, 3, 3, 2, 1, 4, 2, 0, 3, 3, 2, 2, 0, 0, 0, 4, 1] Cost 489 | Solution [4, 4, 4, 0, 0, 1, 1, 2, 3, 3, 3, 2, 1, 4, 2, 0, 3, 3, 2, 2, 0, 0, 0, 4, 1] Cost 489 Resources Of Agents [('0', 47), ('1', 48), ('2', 61), ('3', 53), ('4', 66)] | ;
Solution Before Init Neighbor [1, 2, 4, 0, 2, 1, 1, 2, 3, 3, 3, 4, 0, 1, 2, 0, 3, 4, 3, 2, 0, 1, 0, 0, 4] Cost 516 | Initial SOL [4, 0, 4, 0, 0, 3, 4, 4, 3, 2, 1, 4, 2, 3, 1, 0, 1, 1, 3, 3, 0, 3, 0, 2, 2] Cost 509 | Solution [4, 0, 4, 0, 0, 3, 4, 4, 3, 2, 1, 4, 2, 3, 1, 0, 1, 1, 3, 3, 0, 3, 0, 2, 2] Cost 509 Resources Of Agents [('0', 54), ('1', 57), ('2', 58), ('3', 49), ('4', 66)] | ;
Solution Before Init Neighbor [1, 2, 4, 0, 2, 1, 1, 2, 3, 3, 3, 4, 0, 1, 2, 0, 3, 4, 3, 2, 0, 1, 0, 0, 4] Cost 516 | Initial SOL [1, 2, 4, 3, 2, 1, 4, 4, 3, 3, 4, 1, 2, 4, 2, 0, 3, 1, 2, 3, 0, 0, 0, 2, 1] Cost 497 | Solution [1, 3, 4, 3, 2, 3, 2, 2, 3, 1, 3, 0, 4, 3, 2, 0, 4, 4, 2, 0, 0, 1, 1, 0, 1] Cost 552 Resources Of Agents [('0', 60), ('1', 47), ('2', 63), ('3', 46), ('4', 63)] | ;
gap3-5
AGENTS 5
JOBS 25
COSTS [[24, 21, 17, 22, 19, 18, 20, 21, 15, 21, 17, 25, 18, 18, 15, 20, 16, 19, 16, 24, 16, 22, 18, 17, 22], [20, 23, 23, 21, 24, 22, 21, 24, 15, 17, 22, 17, 20, 16, 24, 18, 19, 21, 22, 18, 23, 18, 23, 16, 24], [22, 18, 24, 22, 17, 17, 16, 15, 25, 23, 16, 16, 19, 21, 24, 20, 24, 15, 15, 23, 24, 19, 20, 23, 25], [22, 22, 19, 21, 16, 25, 16, 16, 16, 16, 17, 17, 18, 15, 22, 18, 15, 20, 15, 17, 25, 15, 19, 20, 20], [21, 21, 24, 25, 24, 19, 23, 17, 20, 24, 21, 16, 19, 15, 16, 15, 25, 25, 15, 15, 21, 16, 16, 19, 15]]
resource_of_agent_job [[11, 6, 5, 21, 12, 12, 6, 25, 11, 7, 11, 22, 18, 16, 12, 7, 7, 9, 9, 13, 15, 22, 23, 24, 11], [22, 25, 6, 21, 17, 18, 10, 18, 25, 16, 14, 5, 5, 8, 20, 6, 16, 12, 8, 8, 19, 5, 15, 12, 25], [8, 10, 11, 24, 8, 7, 14, 6, 25, 6, 13, 25, 11, 15, 9, 17, 6, 8, 25, 21, 17, 25, 19, 16, 10], [18, 13, 22, 7, 20, 8, 10, 17, 7, 12, 20, 17, 6, 15, 18, 23, 10, 10, 19, 25, 25, 13, 16, 20, 15], [23, 14, 16, 6, 22, 21, 9, 13, 8, 18, 11, 25, 9, 11, 19, 20, 17, 7, 10, 20, 7, 16, 20, 17, 10]]
capacity_of_agents [53, 56, 56, 61, 59]
Solution Before Init Neighbor [2, 0, 0, 3, 2, 2, 0, 2, 3, 0, 4, 1, 1, 1, 4, 0, 2, 3, 1, 4, 4, 1, 3, 4, 3] Cost 475 | Initial SOL [2, 0, 1, 4, 2, 3, 0, 2, 2, 0, 4, 1, 4, 3, 4, 1, 1, 4, 0, 1, 4, 1, 0, 3, 3] Cost 495 | Solution [2, 0, 1, 4, 2, 3, 0, 2, 2, 0, 4, 1, 4, 3, 4, 1, 1, 4, 0, 1, 4, 1, 0, 3, 3] Cost 495 Resources Of Agents [('0', 51), ('1', 46), ('2', 47), ('3', 58), ('4', 59)] | ;
Solution Before Init Neighbor [2, 0, 0, 3, 2, 2, 0, 2, 3, 0, 4, 1, 1, 1, 4, 0, 2, 3, 1, 4, 4, 1, 3, 4, 3] Cost 475 | Initial SOL [0, 0, 1, 2, 0, 2, 0, 2, 4, 0, 0, 1, 3, 1, 4, 1, 2, 2, 4, 1, 3, 1, 1, 4, 3] Cost 481 | Solution [0, 3, 1, 4, 4, 3, 0, 1, 4, 2, 4, 1, 1, 0, 2, 0, 2, 4, 1, 0, 2, 1, 3, 3, 2] Cost 551 Resources Of Agents [('0', 53), ('1', 47), ('2', 48), ('3', 57), ('4', 54)] | ;
Solution Before Init Neighbor [2, 0, 0, 3, 2, 2, 0, 2, 3, 0, 4, 1, 1, 1, 4, 0, 2, 3, 1, 4, 4, 1, 3, 4, 3] Cost 475 | Initial SOL [1, 0, 0, 4, 0, 3, 0, 2, 3, 0, 4, 1, 1, 2, 3, 1, 2, 2, 4, 2, 4, 1, 4, 1, 0] Cost 488 | Solution [0, 3, 2, 4, 1, 3, 0, 1, 4, 2, 4, 1, 3, 1, 2, 0, 4, 4, 1, 0, 4, 3, 2, 3, 2] Cost 544 Resources Of Agents [('0', 37), ('1', 56), ('2', 55), ('3', 60), ('4', 56)] | ;
Solution Before Init Neighbor [2, 0, 0, 3, 2, 2, 0, 2, 3, 0, 4, 1, 1, 1, 4, 0, 2, 3, 1, 4, 4, 1, 3, 4, 3] Cost 475 | Initial SOL [2, 2, 2, 4, 1, 3, 0, 2, 4, 3, 0, 1, 1, 4, 2, 0, 3, 3, 4, 1, 0, 1, 4, 3, 0] Cost 482 | Solution [2, 2, 2, 4, 1, 3, 0, 2, 4, 3, 0, 1, 1, 4, 2, 0, 3, 3, 4, 1, 0, 1, 4, 3, 0] Cost 482 Resources Of Agents [('0', 50), ('1', 40), ('2', 44), ('3', 60), ('4', 55)] | ;
Solution Before Init Neighbor [2, 0, 0, 3, 2, 2, 0, 2, 3, 0, 4, 1, 1, 1, 4, 0, 2, 3, 1, 4, 4, 1, 3, 4, 3] Cost 475 | Initial SOL [2, 0, 1, 4, 4, 2, 1, 2, 4, 3, 2, 1, 3, 4, 1, 0, 0, 0, 0, 1, 0, 1, 3, 2, 4] Cost 474 | Solution [2, 4, 1, 4, 3, 3, 4, 4, 4, 2, 1, 0, 1, 2, 2, 0, 2, 3, 1, 0, 4, 1, 1, 3, 2] Cost 544 Resources Of Agents [('0', 42), ('1', 53), ('2', 54), ('3', 58), ('4', 57)] | ;
Solution Before Init Neighbor [2, 0, 0, 3, 2, 2, 0, 2, 3, 0, 4, 1, 1, 1, 4, 0, 2, 3, 1, 4, 4, 1, 3, 4, 3] Cost 475 | Initial SOL [2, 0, 1, 3, 2, 1, 2, 4, 0, 2, 0, 1, 4, 1, 0, 4, 3, 4, 4, 0, 2, 3, 3, 1, 3] Cost 469 | Solution [0, 3, 1, 4, 2, 3, 4, 2, 4, 0, 1, 0, 1, 4, 2, 2, 2, 4, 1, 0, 3, 1, 1, 4, 2] Cost 546 Resources Of Agents [('0', 53), ('1', 53), ('2', 56), ('3', 46), ('4', 58)] | ;
Solution Before Init Neighbor [2, 0, 0, 3, 2, 2, 0, 2, 3, 0, 4, 1, 1, 1, 4, 0, 2, 3, 1, 4, 4, 1, 3, 4, 3] Cost 475 | Initial SOL [2, 0, 1, 4, 2, 3, 4, 1, 4, 0, 1, 1, 3, 2, 2, 0, 3, 0, 0, 1, 0, 1, 4, 3, 2] Cost 506 | Solution [0, 3, 1, 4, 0, 3, 0, 1, 4, 2, 4, 1, 1, 1, 3, 0, 4, 4, 1, 0, 4, 1, 2, 2, 2] Cost 544 Resources Of Agents [('0', 49), ('1', 55), ('2', 51), ('3', 39), ('4', 56)] | ;
Solution Before Init Neighbor [2, 0, 0, 3, 2, 2, 0, 2, 3, 0, 4, 1, 1, 1, 4, 0, 2, 3, 1, 4, 4, 1, 3, 4, 3] Cost 475 | Initial SOL [3, 0, 2, 4, 2, 3, 0, 4, 3, 2, 0, 1, 1, 4, 4, 1, 3, 4, 1, 1, 0, 1, 1, 2, 0] Cost 495 | Solution [3, 0, 2, 4, 2, 3, 0, 4, 3, 2, 0, 1, 1, 4, 4, 1, 3, 4, 1, 1, 0, 1, 1, 2, 0] Cost 495 Resources Of Agents [('0', 49), ('1', 52), ('2', 41), ('3', 43), ('4', 56)] | ;
Solution Before Init Neighbor [2, 0, 0, 3, 2, 2, 0, 2, 3, 0, 4, 1, 1, 1, 4, 0, 2, 3, 1, 4, 4, 1, 3, 4, 3] Cost 475 | Initial SOL [2, 0, 1, 3, 2, 3, 0, 2, 4, 3, 0, 1, 4, 1, 2, 4, 4, 0, 1, 1, 0, 1, 3, 1, 3] Cost 481 | Solution [0, 0, 1, 3, 4, 3, 4, 1, 4, 2, 4, 1, 1, 0, 2, 0, 2, 4, 1, 0, 2, 1, 3, 3, 2] Cost 549 Resources Of Agents [('0', 53), ('1', 47), ('2', 48), ('3', 51), ('4', 57)] | ;
Solution Before Init Neighbor [2, 0, 0, 3, 2, 2, 0, 2, 3, 0, 4, 1, 1, 1, 4, 0, 2, 3, 1, 4, 4, 1, 3, 4, 3] Cost 475 | Initial SOL [1, 3, 0, 4, 3, 0, 0, 2, 3, 0, 2, 1, 2, 4, 3, 0, 0, 1, 0, 1, 4, 1, 4, 2, 2] Cost 473 | Solution [0, 0, 2, 4, 1, 3, 4, 2, 4, 4, 4, 1, 1, 2, 3, 0, 2, 4, 1, 0, 3, 1, 1, 2, 0] Cost 552 Resources Of Agents [('0', 48), ('1', 55), ('2', 54), ('3', 51), ('4', 59)] | ;
