gap1-1
AGENTS 5
JOBS 15
COSTS [[17, 21, 22, 18, 24, 15, 20, 18, 19, 18, 16, 22, 24, 24, 16], [23, 16, 21, 16, 17, 16, 19, 25, 18, 21, 17, 15, 25, 17, 24], [16, 20, 16, 25, 24, 16, 17, 19, 19, 18, 20, 16, 17, 21, 24], [19, 19, 22, 22, 20, 16, 19, 17, 21, 19, 25, 23, 25, 25, 25], [18, 19, 15, 15, 21, 25, 16, 16, 23, 15, 22, 17, 19, 22, 24]]
resource_of_agent_job [[8, 15, 14, 23, 8, 16, 8, 25, 9, 17, 25, 15, 10, 8, 24], [15, 7, 23, 22, 11, 11, 12, 10, 17, 16, 7, 16, 10, 18, 22], [21, 20, 6, 22, 24, 10, 24, 9, 21, 14, 11, 14, 11, 19, 16], [20, 11, 8, 14, 9, 5, 6, 19, 19, 7, 6, 6, 13, 9, 18], [8, 13, 13, 13, 10, 20, 25, 16, 16, 17, 10, 10, 5, 12, 23]]
capacity_of_agents [36, 34, 38, 27, 33]
Solution Before Init Neighbor [0, 1, 2, 4, 0, 2, 0, 1, 4, 3, 1, 3, 2, 3, 4] Cost 297 | Initial SOL [4, 1, 2, 4, 0, 3, 0, 2, 0, 3, 2, 3, 2, 4, 1] Cost 288 | Solution [4, 1, 2, 2, 0, 3, 0, 1, 0, 1, 3, 3, 0, 3, 4] Cost 321 Resources Of Agents [('0', 35), ('1', 33), ('2', 28), ('3', 26), ('4', 31)] | ;
Solution Before Init Neighbor [0, 1, 2, 4, 0, 2, 0, 1, 4, 3, 1, 3, 2, 3, 4] Cost 297 | Initial SOL [4, 3, 0, 4, 0, 2, 1, 2, 0, 3, 1, 4, 1, 3, 2] Cost 298 | Solution [4, 1, 0, 2, 0, 3, 0, 1, 4, 1, 3, 3, 4, 3, 2] Cost 326 Resources Of Agents [('0', 30), ('1', 33), ('2', 38), ('3', 26), ('4', 29)] | ;
Solution Before Init Neighbor [0, 1, 2, 4, 0, 2, 0, 1, 4, 3, 1, 3, 2, 3, 4] Cost 297 | Initial SOL [0, 3, 2, 4, 0, 1, 3, 2, 0, 3, 4, 4, 0, 2, 1] Cost 291 | Solution [4, 4, 3, 2, 4, 2, 0, 1, 0, 3, 3, 3, 0, 0, 1] Cost 324 Resources Of Agents [('0', 35), ('1', 32), ('2', 32), ('3', 27), ('4', 31)] | ;
Solution Before Init Neighbor [0, 1, 2, 4, 0, 2, 0, 1, 4, 3, 1, 3, 2, 3, 4] Cost 297 | Initial SOL [0, 1, 3, 4, 0, 3, 3, 1, 0, 3, 1, 4, 4, 2, 2] Cost 290 | Solution [0, 1, 3, 4, 0, 3, 3, 1, 0, 3, 1, 4, 4, 2, 2] Cost 290 Resources Of Agents [('0', 25), ('1', 24), ('2', 35), ('3', 26), ('4', 28)] | ;
Solution Before Init Neighbor [0, 1, 2, 4, 0, 2, 0, 1, 4, 3, 1, 3, 2, 3, 4] Cost 297 | Initial SOL [0, 4, 3, 4, 0, 3, 1, 1, 0, 3, 2, 3, 1, 0, 2] Cost 311 | Solution [0, 4, 2, 2, 0, 2, 3, 1, 4, 3, 3, 3, 0, 0, 1] Cost 323 Resources Of Agents [('0', 34), ('1', 32), ('2', 38), ('3', 25), ('4', 29)] | ;
Solution Before Init Neighbor [0, 1, 2, 4, 0, 2, 0, 1, 4, 3, 1, 3, 2, 3, 4] Cost 297 | Initial SOL [0, 1, 3, 4, 1, 2, 0, 2, 0, 1, 4, 4, 0, 2, 3] Cost 291 | Solution [0, 1, 3, 4, 1, 2, 0, 2, 0, 1, 4, 4, 0, 2, 3] Cost 291 Resources Of Agents [('0', 35), ('1', 34), ('2', 38), ('3', 26), ('4', 33)] | ;
Solution Before Init Neighbor [0, 1, 2, 4, 0, 2, 0, 1, 4, 3, 1, 3, 2, 3, 4] Cost 297 | Initial SOL [4, 1, 2, 4, 0, 3, 1, 1, 0, 3, 2, 3, 0, 0, 2] Cost 302 | Solution [1, 1, 0, 2, 0, 3, 3, 1, 0, 4, 4, 3, 4, 3, 2] Cost 317 Resources Of Agents [('0', 31), ('1', 32), ('2', 38), ('3', 26), ('4', 32)] | ;
Solution Before Init Neighbor [0, 1, 2, 4, 0, 2, 0, 1, 4, 3, 1, 3, 2, 3, 4] Cost 297 | Initial SOL [0, 1, 3, 4, 0, 2, 3, 1, 0, 3, 1, 3, 2, 0, 2] Cost 297 | Solution [1, 1, 2, 4, 0, 3, 0, 1, 0, 3, 4, 3, 4, 3, 2] Cost 306 Resources Of Agents [('0', 25), ('1', 32), ('2', 22), ('3', 27), ('4', 28)] | ;
Solution Before Init Neighbor [0, 1, 2, 4, 0, 2, 0, 1, 4, 3, 1, 3, 2, 3, 4] Cost 297 | Initial SOL [0, 1, 3, 4, 0, 2, 3, 1, 1, 3, 4, 4, 0, 0, 2] Cost 302 | Solution [0, 1, 3, 4, 0, 2, 3, 1, 1, 3, 4, 4, 0, 0, 2] Cost 302 Resources Of Agents [('0', 34), ('1', 34), ('2', 26), ('3', 21), ('4', 33)] | ;
Solution Before Init Neighbor [0, 1, 2, 4, 0, 2, 0, 1, 4, 3, 1, 3, 2, 3, 4] Cost 297 | Initial SOL [0, 1, 4, 3, 0, 2, 0, 1, 4, 3, 2, 3, 1, 0, 2] Cost 313 | Solution [0, 1, 4, 3, 0, 2, 0, 1, 4, 3, 2, 3, 1, 0, 2] Cost 313 Resources Of Agents [('0', 32), ('1', 27), ('2', 37), ('3', 27), ('4', 29)] | ;
gap1-2
AGENTS 5
JOBS 15
COSTS [[19, 23, 24, 20, 20, 25, 16, 21, 24, 15, 17, 17, 20, 20, 20], [25, 24, 16, 21, 19, 17, 17, 19, 23, 21, 21, 23, 20, 15, 16], [16, 21, 25, 22, 24, 24, 16, 17, 15, 18, 15, 17, 18, 24, 18], [25, 24, 18, 19, 15, 18, 20, 22, 23, 18, 16, 19, 17, 15, 22], [25, 19, 21, 22, 20, 15, 20, 19, 18, 18, 17, 23, 17, 25, 25]]
resource_of_agent_job [[16, 12, 8, 20, 18, 10, 12, 8, 14, 23, 19, 14, 15, 15, 24], [16, 18, 19, 22, 13, 20, 9, 7, 25, 10, 20, 13, 11, 15, 16], [6, 20, 20, 5, 14, 12, 6, 15, 22, 18, 13, 23, 23, 18, 25], [18, 23, 25, 17, 25, 13, 23, 23, 13, 20, 20, 23, 17, 19, 24], [12, 17, 15, 25, 22, 5, 24, 19, 12, 25, 23, 21, 23, 19, 18]]
capacity_of_agents [36, 37, 38, 48, 44]
Solution Before Init Neighbor [2, 3, 0, 2, 4, 0, 1, 0, 3, 1, 2, 4, 1, 3, 4] Cost 311 | Initial SOL [2, 0, 4, 2, 2, 3, 1, 0, 3, 1, 2, 0, 3, 1, 4] Cost 295 | Solution [2, 0, 4, 2, 2, 4, 1, 0, 3, 1, 2, 1, 0, 4, 3] Cost 308 Resources Of Agents [('0', 35), ('1', 32), ('2', 38), ('3', 37), ('4', 39)] | ;
Solution Before Init Neighbor [2, 3, 0, 2, 4, 0, 1, 0, 3, 1, 2, 4, 1, 3, 4] Cost 311 | Initial SOL [2, 4, 0, 2, 2, 4, 0, 0, 3, 1, 2, 1, 1, 3, 4] Cost 299 | Solution [2, 4, 0, 2, 2, 4, 0, 0, 3, 1, 2, 1, 1, 3, 4] Cost 299 Resources Of Agents [('0', 28), ('1', 34), ('2', 38), ('3', 32), ('4', 40)] | ;
Solution Before Init Neighbor [2, 3, 0, 2, 4, 0, 1, 0, 3, 1, 2, 4, 1, 3, 4] Cost 311 | Initial SOL [2, 3, 0, 2, 2, 4, 0, 1, 0, 1, 2, 1, 3, 4, 4] Cost 310 | Solution [3, 0, 0, 2, 2, 4, 2, 3, 0, 1, 2, 1, 1, 4, 4] Cost 324 Resources Of Agents [('0', 34), ('1', 34), ('2', 38), ('3', 41), ('4', 42)] | ;
Solution Before Init Neighbor [2, 3, 0, 2, 4, 0, 1, 0, 3, 1, 2, 4, 1, 3, 4] Cost 311 | Initial SOL [2, 3, 0, 2, 2, 4, 0, 1, 4, 1, 2, 3, 4, 0, 1] Cost 286 | Solution [3, 0, 0, 2, 2, 4, 2, 3, 0, 1, 2, 1, 1, 4, 4] Cost 324 Resources Of Agents [('0', 34), ('1', 34), ('2', 38), ('3', 41), ('4', 42)] | ;
Solution Before Init Neighbor [2, 3, 0, 2, 4, 0, 1, 0, 3, 1, 2, 4, 1, 3, 4] Cost 311 | Initial SOL [4, 0, 0, 2, 2, 4, 2, 1, 3, 3, 2, 1, 0, 1, 4] Cost 307 | Solution [4, 3, 0, 2, 2, 0, 2, 3, 4, 1, 2, 1, 1, 0, 4] Cost 324 Resources Of Agents [('0', 33), ('1', 34), ('2', 38), ('3', 46), ('4', 42)] | ;
Solution Before Init Neighbor [2, 3, 0, 2, 4, 0, 1, 0, 3, 1, 2, 4, 1, 3, 4] Cost 311 | Initial SOL [2, 0, 3, 2, 1, 4, 2, 0, 0, 1, 2, 1, 3, 4, 4] Cost 300 | Solution [2, 0, 3, 2, 1, 4, 2, 0, 0, 1, 2, 1, 3, 4, 4] Cost 300 Resources Of Agents [('0', 34), ('1', 36), ('2', 30), ('3', 42), ('4', 42)] | ;
Solution Before Init Neighbor [2, 3, 0, 2, 4, 0, 1, 0, 3, 1, 2, 4, 1, 3, 4] Cost 311 | Initial SOL [2, 0, 0, 2, 2, 4, 3, 4, 0, 1, 2, 3, 1, 4, 1] Cost 303 | Solution [3, 3, 0, 2, 2, 4, 2, 0, 0, 1, 2, 1, 1, 4, 4] Cost 324 Resources Of Agents [('0', 30), ('1', 34), ('2', 38), ('3', 41), ('4', 42)] | ;
Solution Before Init Neighbor [2, 3, 0, 2, 4, 0, 1, 0, 3, 1, 2, 4, 1, 3, 4] Cost 311 | Initial SOL [2, 0, 0, 2, 2, 4, 1, 0, 4, 1, 2, 4, 3, 3, 1] Cost 287 | Solution [4, 0, 0, 2, 2, 4, 1, 1, 3, 1, 2, 4, 1, 0, 3] Cost 313 Resources Of Agents [('0', 35), ('1', 37), ('2', 32), ('3', 37), ('4', 38)] | ;
Solution Before Init Neighbor [2, 3, 0, 2, 4, 0, 1, 0, 3, 1, 2, 4, 1, 3, 4] Cost 311 | Initial SOL [4, 0, 0, 2, 2, 4, 2, 3, 4, 1, 2, 0, 1, 1, 3] Cost 299 | Solution [3, 0, 0, 2, 2, 0, 2, 1, 3, 1, 2, 1, 3, 4, 4] Cost 327 Resources Of Agents [('0', 30), ('1', 30), ('2', 38), ('3', 48), ('4', 37)] | ;
Solution Before Init Neighbor [2, 3, 0, 2, 4, 0, 1, 0, 3, 1, 2, 4, 1, 3, 4] Cost 311 | Initial SOL [2, 4, 0, 2, 2, 3, 1, 1, 0, 1, 2, 0, 1, 3, 4] Cost 296 | Solution [2, 4, 0, 2, 2, 3, 1, 1, 0, 1, 2, 0, 1, 3, 4] Cost 296 Resources Of Agents [('0', 36), ('1', 37), ('2', 38), ('3', 32), ('4', 35)] | ;
gap1-3
AGENTS 5
JOBS 15
COSTS [[22, 21, 16, 17, 21, 15, 17, 22, 22, 25, 18, 20, 24, 15, 22], [23, 24, 19, 15, 16, 21, 15, 25, 16, 21, 20, 19, 16, 23, 20], [21, 20, 21, 25, 21, 20, 21, 19, 17, 16, 25, 19, 15, 15, 15], [17, 21, 25, 25, 23, 22, 20, 19, 20, 25, 15, 20, 21, 25, 23], [15, 25, 23, 19, 17, 17, 25, 24, 24, 17, 24, 19, 18, 19, 16]]
resource_of_agent_job [[23, 10, 15, 13, 17, 10, 13, 6, 9, 21, 20, 7, 9, 25, 8], [17, 13, 8, 23, 11, 18, 7, 22, 13, 5, 24, 24, 15, 10, 22], [22, 17, 22, 23, 20, 11, 17, 25, 23, 9, 22, 20, 15, 9, 25], [5, 19, 25, 16, 15, 10, 18, 9, 11, 20, 7, 21, 15, 8, 25], [22, 9, 10, 23, 19, 21, 17, 15, 15, 17, 25, 19, 10, 9, 21]]
capacity_of_agents [32, 37, 44, 35, 40]
Solution Before Init Neighbor [3, 4, 1, 4, 4, 2, 1, 0, 3, 1, 3, 0, 2, 2, 0] Cost 282 | Initial SOL [3, 1, 0, 2, 1, 3, 1, 4, 4, 1, 3, 2, 0, 4, 0] Cost 303 | Solution [3, 1, 0, 2, 1, 3, 1, 4, 4, 1, 3, 2, 0, 4, 0] Cost 303 Resources Of Agents [('0', 32), ('1', 36), ('2', 43), ('3', 22), ('4', 39)] | ;
Solution Before Init Neighbor [3, 4, 1, 4, 4, 2, 1, 0, 3, 1, 3, 0, 2, 2, 0] Cost 282 | Initial SOL [3, 1, 4, 2, 1, 2, 1, 0, 0, 4, 3, 3, 0, 2, 0] Cost 297 | Solution [3, 1, 4, 2, 3, 1, 2, 4, 4, 1, 3, 0, 0, 3, 0] Cost 329 Resources Of Agents [('0', 24), ('1', 36), ('2', 40), ('3', 35), ('4', 40)] | ;
Solution Before Init Neighbor [3, 4, 1, 4, 4, 2, 1, 0, 3, 1, 3, 0, 2, 2, 0] Cost 282 | Initial SOL [3, 4, 4, 0, 1, 0, 2, 3, 0, 1, 3, 2, 1, 3, 4] Cost 287 | Solution [1, 4, 1, 2, 2, 3, 4, 0, 0, 1, 3, 0, 4, 3, 0] Cost 325 Resources Of Agents [('0', 30), ('1', 30), ('2', 43), ('3', 25), ('4', 36)] | ;
Solution Before Init Neighbor [3, 4, 1, 4, 4, 2, 1, 0, 3, 1, 3, 0, 2, 2, 0] Cost 282 | Initial SOL [3, 0, 4, 3, 4, 1, 1, 0, 0, 2, 3, 0, 4, 2, 2] Cost 282 | Solution [3, 4, 4, 2, 2, 3, 4, 0, 3, 1, 1, 0, 0, 3, 0] Cost 332 Resources Of Agents [('0', 30), ('1', 29), ('2', 43), ('3', 34), ('4', 36)] | ;
Solution Before Init Neighbor [3, 4, 1, 4, 4, 2, 1, 0, 3, 1, 3, 0, 2, 2, 0] Cost 282 | Initial SOL [3, 1, 4, 0, 1, 3, 1, 3, 0, 2, 3, 2, 4, 4, 0] Cost 284 | Solution [2, 1, 4, 3, 1, 3, 4, 0, 0, 1, 2, 0, 4, 3, 0] Cost 331 Resources Of Agents [('0', 30), ('1', 29), ('2', 44), ('3', 34), ('4', 37)] | ;
Solution Before Init Neighbor [3, 4, 1, 4, 4, 2, 1, 0, 3, 1, 3, 0, 2, 2, 0] Cost 282 | Initial SOL [3, 4, 1, 2, 2, 0, 1, 0, 3, 4, 3, 0, 0, 3, 1] Cost 300 | Solution [1, 4, 4, 2, 3, 3, 2, 0, 4, 1, 3, 0, 0, 1, 0] Cost 333 Resources Of Agents [('0', 30), ('1', 32), ('2', 40), ('3', 32), ('4', 34)] | ;
Solution Before Init Neighbor [3, 4, 1, 4, 4, 2, 1, 0, 3, 1, 3, 0, 2, 2, 0] Cost 282 | Initial SOL [3, 2, 1, 4, 1, 3, 2, 0, 3, 2, 3, 0, 1, 4, 0] Cost 284 | Solution [3, 2, 4, 4, 1, 3, 1, 3, 2, 1, 3, 0, 0, 1, 0] Cost 293 Resources Of Agents [('0', 24), ('1', 33), ('2', 40), ('3', 31), ('4', 33)] | ;
Solution Before Init Neighbor [3, 4, 1, 4, 4, 2, 1, 0, 3, 1, 3, 0, 2, 2, 0] Cost 282 | Initial SOL [3, 2, 1, 3, 1, 4, 0, 4, 1, 1, 3, 0, 2, 2, 0] Cost 279 | Solution [1, 4, 1, 0, 3, 3, 1, 4, 4, 1, 2, 2, 0, 3, 0] Cost 328 Resources Of Agents [('0', 30), ('1', 37), ('2', 42), ('3', 33), ('4', 39)] | ;
Solution Before Init Neighbor [3, 4, 1, 4, 4, 2, 1, 0, 3, 1, 3, 0, 2, 2, 0] Cost 282 | Initial SOL [3, 1, 1, 4, 1, 2, 4, 3, 3, 2, 2, 0, 0, 3, 0] Cost 311 | Solution [3, 1, 1, 4, 1, 2, 4, 3, 3, 2, 2, 0, 0, 3, 0] Cost 311 Resources Of Agents [('0', 24), ('1', 32), ('2', 42), ('3', 33), ('4', 40)] | ;
Solution Before Init Neighbor [3, 4, 1, 4, 4, 2, 1, 0, 3, 1, 3, 0, 2, 2, 0] Cost 282 | Initial SOL [3, 1, 1, 4, 2, 2, 1, 3, 4, 1, 3, 0, 0, 2, 0] Cost 295 | Solution [1, 4, 1, 0, 3, 3, 1, 4, 4, 1, 2, 2, 0, 3, 0] Cost 328 Resources Of Agents [('0', 30), ('1', 37), ('2', 42), ('3', 33), ('4', 39)] | ;
gap1-4
AGENTS 5
JOBS 15
COSTS [[15, 25, 20, 18, 19, 21, 18, 22, 24, 15, 25, 17, 17, 15, 22], [20, 18, 25, 25, 16, 24, 22, 24, 17, 18, 23, 25, 21, 25, 24], [25, 19, 18, 18, 23, 18, 15, 22, 23, 16, 25, 22, 22, 15, 16], [19, 19, 23, 17, 19, 19, 22, 19, 23, 22, 24, 22, 25, 19, 16], [25, 24, 17, 19, 25, 19, 23, 19, 25, 15, 19, 21, 18, 19, 22]]
resource_of_agent_job [[20, 20, 18, 9, 18, 5, 16, 18, 13, 24, 21, 23, 15, 19, 9], [5, 12, 18, 8, 22, 19, 19, 11, 7, 19, 20, 17, 21, 25, 5], [18, 8, 8, 9, 20, 20, 23, 13, 15, 12, 6, 12, 25, 25, 23], [17, 19, 24, 9, 16, 22, 10, 17, 12, 17, 15, 21, 16, 18, 6], [14, 6, 20, 6, 21, 5, 11, 23, 20, 21, 20, 18, 13, 13, 21]]
capacity_of_agents [39, 36, 37, 38, 37]
Solution Before Init Neighbor [1, 2, 2, 0, 3, 0, 3, 1, 1, 4, 2, 4, 3, 4, 0] Cost 305 | Initial SOL [1, 1, 2, 3, 0, 0, 0, 1, 3, 2, 3, 2, 4, 4, 1] Cost 301 | Solution [4, 4, 1, 4, 0, 0, 4, 2, 3, 2, 2, 1, 0, 3, 3] Cost 319 Resources Of Agents [('0', 38), ('1', 35), ('2', 31), ('3', 36), ('4', 37)] | ;
Solution Before Init Neighbor [1, 2, 2, 0, 3, 0, 3, 1, 1, 4, 2, 4, 3, 4, 0] Cost 305 | Initial SOL [1, 2, 1, 4, 0, 4, 3, 1, 0, 2, 3, 2, 4, 4, 3] Cost 306 | Solution [4, 4, 2, 1, 2, 0, 3, 1, 3, 0, 2, 1, 3, 4, 0] Cost 336 Resources Of Agents [('0', 38), ('1', 36), ('2', 34), ('3', 38), ('4', 33)] | ;
Solution Before Init Neighbor [1, 2, 2, 0, 3, 0, 3, 1, 1, 4, 2, 4, 3, 4, 0] Cost 305 | Initial SOL [1, 2, 2, 0, 3, 4, 4, 1, 3, 1, 2, 2, 4, 0, 3] Cost 297 | Solution [1, 2, 2, 0, 3, 4, 4, 1, 3, 1, 2, 2, 4, 0, 3] Cost 297 Resources Of Agents [('0', 28), ('1', 35), ('2', 34), ('3', 34), ('4', 29)] | ;
Solution Before Init Neighbor [1, 2, 2, 0, 3, 0, 3, 1, 1, 4, 2, 4, 3, 4, 0] Cost 305 | Initial SOL [4, 1, 2, 2, 3, 4, 3, 2, 3, 1, 2, 4, 0, 0, 1] Cost 304 | Solution [4, 1, 2, 2, 3, 4, 3, 2, 3, 1, 2, 4, 0, 0, 1] Cost 304 Resources Of Agents [('0', 34), ('1', 36), ('2', 36), ('3', 38), ('4', 37)] | ;
Solution Before Init Neighbor [1, 2, 2, 0, 3, 0, 3, 1, 1, 4, 2, 4, 3, 4, 0] Cost 305 | Initial SOL [1, 2, 2, 1, 3, 4, 0, 1, 3, 2, 2, 0, 4, 4, 3] Cost 296 | Solution [1, 2, 2, 1, 3, 4, 0, 1, 3, 2, 2, 0, 4, 4, 3] Cost 296 Resources Of Agents [('0', 39), ('1', 24), ('2', 34), ('3', 34), ('4', 31)] | ;
Solution Before Init Neighbor [1, 2, 2, 0, 3, 0, 3, 1, 1, 4, 2, 4, 3, 4, 0] Cost 305 | Initial SOL [1, 2, 2, 1, 1, 4, 0, 3, 0, 2, 2, 4, 4, 3, 0] Cost 299 | Solution [1, 2, 2, 1, 1, 4, 0, 3, 0, 2, 2, 4, 4, 3, 0] Cost 299 Resources Of Agents [('0', 38), ('1', 35), ('2', 34), ('3', 35), ('4', 36)] | ;
Solution Before Init Neighbor [1, 2, 2, 0, 3, 0, 3, 1, 1, 4, 2, 4, 3, 4, 0] Cost 305 | Initial SOL [1, 4, 2, 2, 2, 4, 0, 1, 0, 1, 3, 3, 4, 4, 0] Cost 311 | Solution [1, 4, 0, 1, 0, 4, 4, 1, 2, 3, 2, 2, 3, 4, 1] Cost 334 Resources Of Agents [('0', 36), ('1', 29), ('2', 33), ('3', 33), ('4', 35)] | ;
Solution Before Init Neighbor [1, 2, 2, 0, 3, 0, 3, 1, 1, 4, 2, 4, 3, 4, 0] Cost 305 | Initial SOL [2, 1, 2, 4, 3, 0, 0, 1, 1, 3, 2, 4, 0, 4, 1] Cost 307 | Solution [1, 0, 1, 1, 3, 0, 4, 2, 0, 3, 2, 2, 4, 4, 1] Cost 334 Resources Of Agents [('0', 38), ('1', 36), ('2', 31), ('3', 33), ('4', 37)] | ;
Solution Before Init Neighbor [1, 2, 2, 0, 3, 0, 3, 1, 1, 4, 2, 4, 3, 4, 0] Cost 305 | Initial SOL [1, 4, 1, 4, 3, 0, 4, 1, 3, 2, 2, 2, 4, 0, 3] Cost 310 | Solution [1, 4, 1, 4, 3, 0, 4, 1, 3, 2, 2, 2, 4, 0, 3] Cost 310 Resources Of Agents [('0', 24), ('1', 34), ('2', 30), ('3', 34), ('4', 36)] | ;
Solution Before Init Neighbor [1, 2, 2, 0, 3, 0, 3, 1, 1, 4, 2, 4, 3, 4, 0] Cost 305 | Initial SOL [1, 1, 0, 4, 3, 0, 4, 3, 1, 2, 2, 2, 0, 4, 1] Cost 299 | Solution [1, 4, 2, 1, 2, 0, 0, 1, 0, 3, 2, 4, 3, 4, 1] Cost 333 Resources Of Agents [('0', 34), ('1', 29), ('2', 34), ('3', 33), ('4', 37)] | ;
gap1-5
AGENTS 5
JOBS 15
COSTS [[25, 25, 18, 24, 20, 19, 25, 24, 23, 15, 18, 18, 25, 15, 22], [25, 18, 17, 22, 21, 23, 20, 23, 16, 19, 15, 18, 16, 23, 16], [18, 16, 19, 15, 15, 18, 15, 20, 19, 24, 22, 20, 25, 16, 21], [18, 21, 16, 18, 17, 24, 18, 23, 22, 16, 17, 22, 22, 18, 16], [17, 18, 15, 21, 23, 21, 24, 23, 20, 22, 19, 15, 22, 22, 25]]
resource_of_agent_job [[16, 20, 9, 22, 17, 19, 20, 22, 20, 13, 6, 20, 23, 19, 7], [12, 22, 18, 18, 6, 13, 17, 17, 17, 14, 20, 12, 17, 14, 22], [5, 19, 19, 14, 24, 16, 7, 8, 9, 22, 13, 23, 24, 15, 20], [20, 8, 6, 9, 5, 17, 23, 18, 14, 12, 14, 17, 15, 23, 21], [6, 6, 24, 24, 8, 7, 5, 25, 21, 18, 12, 20, 20, 7, 12]]
capacity_of_agents [40, 38, 38, 35, 34]
Solution Before Init Neighbor [1, 3, 0, 3, 1, 4, 2, 2, 2, 3, 0, 1, 4, 4, 0] Cost 296 | Initial SOL [1, 4, 0, 1, 1, 2, 4, 2, 2, 3, 4, 3, 0, 4, 0] Cost 311 | Solution [1, 3, 0, 1, 1, 4, 4, 2, 3, 3, 0, 0, 2, 4, 4] Cost 318 Resources Of Agents [('0', 35), ('1', 36), ('2', 32), ('3', 34), ('4', 31)] | ;
Solution Before Init Neighbor [1, 3, 0, 3, 1, 4, 2, 2, 2, 3, 0, 1, 4, 4, 0] Cost 296 | Initial SOL [4, 2, 0, 0, 4, 4, 4, 2, 2, 3, 3, 1, 1, 4, 0] Cost 293 | Solution [2, 0, 3, 3, 1, 1, 4, 1, 2, 4, 0, 3, 2, 4, 0] Cost 318 Resources Of Agents [('0', 33), ('1', 36), ('2', 38), ('3', 32), ('4', 30)] | ;
Solution Before Init Neighbor [1, 3, 0, 3, 1, 4, 2, 2, 2, 3, 0, 1, 4, 4, 0] Cost 296 | Initial SOL [2, 4, 0, 3, 1, 4, 4, 2, 2, 0, 0, 1, 3, 2, 0] Cost 288 | Solution [2, 4, 3, 3, 1, 3, 4, 2, 1, 1, 0, 4, 2, 0, 0] Cost 289 Resources Of Agents [('0', 32), ('1', 37), ('2', 37), ('3', 32), ('4', 31)] | ;
Solution Before Init Neighbor [1, 3, 0, 3, 1, 4, 2, 2, 2, 3, 0, 1, 4, 4, 0] Cost 296 | Initial SOL [1, 0, 3, 3, 4, 4, 4, 2, 2, 0, 4, 1, 3, 1, 2] Cost 309 | Solution [1, 3, 0, 3, 4, 1, 0, 2, 2, 4, 2, 1, 3, 4, 0] Cost 320 Resources Of Agents [('0', 36), ('1', 37), ('2', 30), ('3', 32), ('4', 33)] | ;
Solution Before Init Neighbor [1, 3, 0, 3, 1, 4, 2, 2, 2, 3, 0, 1, 4, 4, 0] Cost 296 | Initial SOL [0, 4, 0, 2, 3, 3, 2, 2, 2, 4, 0, 1, 1, 4, 0] Cost 289 | Solution [0, 3, 3, 1, 1, 4, 4, 2, 2, 1, 2, 3, 0, 4, 4] Cost 324 Resources Of Agents [('0', 39), ('1', 38), ('2', 30), ('3', 31), ('4', 31)] | ;
Solution Before Init Neighbor [1, 3, 0, 3, 1, 4, 2, 2, 2, 3, 0, 1, 4, 4, 0] Cost 296 | Initial SOL [2, 3, 3, 3, 1, 4, 2, 2, 2, 0, 0, 1, 1, 0, 4] Cost 276 | Solution [1, 3, 0, 0, 4, 1, 4, 2, 2, 3, 2, 1, 3, 4, 4] Cost 322 Resources Of Agents [('0', 31), ('1', 37), ('2', 30), ('3', 35), ('4', 32)] | ;
Solution Before Init Neighbor [1, 3, 0, 3, 1, 4, 2, 2, 2, 3, 0, 1, 4, 4, 0] Cost 296 | Initial SOL [4, 0, 1, 2, 1, 4, 4, 3, 2, 0, 2, 1, 3, 4, 0] Cost 303 | Solution [1, 3, 2, 3, 4, 3, 4, 2, 2, 4, 0, 1, 0, 1, 0] Cost 321 Resources Of Agents [('0', 36), ('1', 38), ('2', 36), ('3', 34), ('4', 31)] | ;
Solution Before Init Neighbor [1, 3, 0, 3, 1, 4, 2, 2, 2, 3, 0, 1, 4, 4, 0] Cost 296 | Initial SOL [1, 3, 1, 3, 1, 2, 4, 3, 2, 0, 2, 0, 4, 4, 0] Cost 307 | Solution [1, 3, 3, 1, 1, 2, 4, 3, 2, 0, 2, 0, 4, 4, 0] Cost 310 Resources Of Agents [('0', 40), ('1', 36), ('2', 38), ('3', 32), ('4', 32)] | ;
Solution Before Init Neighbor [1, 3, 0, 3, 1, 4, 2, 2, 2, 3, 0, 1, 4, 4, 0] Cost 296 | Initial SOL [4, 3, 1, 3, 1, 2, 0, 2, 2, 4, 0, 1, 3, 4, 0] Cost 300 | Solution [2, 3, 0, 3, 4, 1, 4, 2, 2, 1, 2, 3, 0, 4, 4] Cost 319 Resources Of Agents [('0', 32), ('1', 27), ('2', 35), ('3', 34), ('4', 32)] | ;
Solution Before Init Neighbor [1, 3, 0, 3, 1, 4, 2, 2, 2, 3, 0, 1, 4, 4, 0] Cost 296 | Initial SOL [2, 3, 3, 3, 1, 0, 2, 2, 2, 1, 0, 4, 1, 4, 0] Cost 279 | Solution [1, 3, 0, 3, 4, 1, 4, 0, 2, 2, 4, 1, 3, 4, 0] Cost 322 Resources Of Agents [('0', 38), ('1', 37), ('2', 31), ('3', 32), ('4', 32)] | ;
gap2-1
AGENTS 5
JOBS 20
COSTS [[15, 12, 16, 15, 20, 18, 11, 14, 23, 14, 18, 13, 11, 15, 17, 18, 20, 11, 20, 24], [22, 14, 10, 15, 12, 21, 24, 16, 17, 22, 11, 15, 18, 15, 18, 23, 22, 23, 21, 13], [25, 11, 22, 10, 22, 17, 22, 12, 21, 21, 16, 14, 23, 21, 14, 17, 25, 18, 15, 15], [23, 13, 14, 25, 21, 18, 23, 19, 17, 18, 20, 20, 22, 24, 23, 13, 17, 22, 20, 21], [15, 25, 22, 14, 17, 21, 16, 21, 20, 12, 15, 18, 17, 21, 20, 20, 13, 14, 23, 14]]
resource_of_agent_job [[11, 11, 5, 25, 10, 17, 16, 20, 5, 20, 14, 10, 15, 6, 11, 14, 13, 8, 15, 11], [17, 17, 12, 23, 16, 25, 13, 16, 19, 16, 24, 17, 24, 6, 6, 16, 25, 21, 5, 18], [13, 13, 20, 17, 8, 7, 16, 9, 23, 18, 21, 24, 11, 15, 12, 24, 19, 23, 13, 12], [6, 10, 18, 16, 12, 25, 17, 7, 10, 6, 20, 20, 9, 20, 11, 21, 6, 9, 20, 23], [7, 14, 18, 24, 7, 24, 18, 19, 18, 23, 15, 16, 14, 9, 16, 25, 15, 20, 23, 17]]
capacity_of_agents [42, 54, 52, 47, 55]
Solution Before Init Neighbor [3, 3, 0, 4, 1, 2, 1, 2, 0, 3, 4, 4, 2, 0, 1, 4, 3, 0, 1, 2] Cost 345 | Initial SOL [4, 0, 0, 2, 0, 2, 1, 2, 0, 4, 4, 1, 3, 2, 0, 1, 3, 3, 1, 3] Cost 355 | Solution [4, 0, 0, 2, 0, 2, 1, 2, 0, 4, 4, 1, 3, 2, 0, 1, 3, 3, 1, 3] Cost 355 Resources Of Agents [('0', 42), ('1', 51), ('2', 48), ('3', 47), ('4', 45)] | ;
Solution Before Init Neighbor [3, 3, 0, 4, 1, 2, 1, 2, 0, 3, 4, 4, 2, 0, 1, 4, 3, 0, 1, 2] Cost 345 | Initial SOL [4, 0, 1, 4, 4, 2, 1, 2, 0, 3, 2, 1, 3, 1, 1, 0, 4, 3, 2, 3] Cost 337 | Solution [4, 0, 1, 4, 4, 2, 1, 2, 0, 3, 2, 1, 3, 1, 1, 0, 4, 3, 2, 3] Cost 337 Resources Of Agents [('0', 30), ('1', 54), ('2', 50), ('3', 47), ('4', 53)] | ;
Solution Before Init Neighbor [3, 3, 0, 4, 1, 2, 1, 2, 0, 3, 4, 4, 2, 0, 1, 4, 3, 0, 1, 2] Cost 345 | Initial SOL [3, 3, 0, 2, 0, 2, 1, 4, 0, 3, 4, 0, 3, 1, 0, 1, 3, 3, 2, 1] Cost 357 | Solution [3, 4, 2, 3, 2, 2, 1, 3, 0, 1, 0, 4, 2, 4, 4, 1, 3, 3, 1, 0] Cost 429 Resources Of Agents [('0', 30), ('1', 50), ('2', 46), ('3', 44), ('4', 55)] | ;
Solution Before Init Neighbor [3, 3, 0, 4, 1, 2, 1, 2, 0, 3, 4, 4, 2, 0, 1, 4, 3, 0, 1, 2] Cost 345 | Initial SOL [4, 3, 0, 3, 0, 1, 2, 2, 4, 3, 0, 0, 4, 1, 2, 1, 3, 3, 1, 2] Cost 357 | Solution [2, 4, 0, 4, 2, 3, 1, 3, 0, 2, 0, 4, 2, 1, 1, 1, 3, 3, 1, 0] Cost 406 Resources Of Agents [('0', 35), ('1', 46), ('2', 50), ('3', 47), ('4', 54)] | ;
Solution Before Init Neighbor [3, 3, 0, 4, 1, 2, 1, 2, 0, 3, 4, 4, 2, 0, 1, 4, 3, 0, 1, 2] Cost 345 | Initial SOL [4, 0, 4, 2, 2, 2, 1, 3, 0, 3, 0, 4, 2, 4, 1, 3, 3, 1, 1, 0] Cost 378 | Solution [4, 0, 4, 2, 2, 2, 1, 3, 0, 3, 0, 4, 2, 4, 1, 3, 3, 1, 1, 0] Cost 378 Resources Of Agents [('0', 41), ('1', 45), ('2', 43), ('3', 40), ('4', 50)] | ;
Solution Before Init Neighbor [3, 3, 0, 4, 1, 2, 1, 2, 0, 3, 4, 4, 2, 0, 1, 4, 3, 0, 1, 2] Cost 345 | Initial SOL [3, 3, 0, 2, 4, 4, 0, 2, 1, 3, 1, 0, 3, 1, 4, 2, 3, 3, 1, 0] Cost 340 | Solution [3, 3, 0, 2, 4, 4, 0, 2, 1, 3, 1, 0, 3, 1, 4, 2, 3, 3, 1, 0] Cost 340 Resources Of Agents [('0', 42), ('1', 54), ('2', 50), ('3', 46), ('4', 47)] | ;
Solution Before Init Neighbor [3, 3, 0, 4, 1, 2, 1, 2, 0, 3, 4, 4, 2, 0, 1, 4, 3, 0, 1, 2] Cost 345 | Initial SOL [3, 0, 1, 2, 3, 2, 1, 3, 0, 3, 4, 0, 4, 2, 1, 1, 4, 3, 2, 0] Cost 358 | Solution [3, 1, 0, 3, 0, 2, 1, 3, 0, 3, 4, 4, 2, 4, 1, 0, 3, 0, 2, 2] Cost 370 Resources Of Agents [('0', 42), ('1', 36), ('2', 43), ('3', 41), ('4', 40)] | ;
Solution Before Init Neighbor [3, 3, 0, 4, 1, 2, 1, 2, 0, 3, 4, 4, 2, 0, 1, 4, 3, 0, 1, 2] Cost 345 | Initial SOL [4, 1, 1, 2, 4, 0, 1, 3, 3, 3, 0, 4, 2, 1, 3, 4, 2, 3, 1, 0] Cost 371 | Solution [4, 1, 1, 2, 4, 0, 1, 3, 3, 3, 0, 4, 2, 1, 3, 4, 2, 3, 1, 0] Cost 371 Resources Of Agents [('0', 42), ('1', 53), ('2', 47), ('3', 43), ('4', 55)] | ;
Solution Before Init Neighbor [3, 3, 0, 4, 1, 2, 1, 2, 0, 3, 4, 4, 2, 0, 1, 4, 3, 0, 1, 2] Cost 345 | Initial SOL [3, 2, 4, 3, 2, 2, 4, 0, 0, 3, 2, 4, 1, 0, 1, 1, 3, 3, 1, 0] Cost 383 | Solution [3, 2, 4, 3, 2, 2, 4, 0, 0, 3, 2, 4, 1, 0, 1, 1, 3, 3, 1, 0] Cost 383 Resources Of Agents [('0', 42), ('1', 51), ('2', 49), ('3', 43), ('4', 52)] | ;
Solution Before Init Neighbor [3, 3, 0, 4, 1, 2, 1, 2, 0, 3, 4, 4, 2, 0, 1, 4, 3, 0, 1, 2] Cost 345 | Initial SOL [3, 2, 0, 3, 2, 2, 4, 1, 0, 3, 4, 0, 0, 1, 3, 1, 3, 2, 1, 4] Cost 357 | Solution [2, 4, 2, 3, 2, 2, 1, 3, 0, 1, 0, 4, 3, 4, 4, 1, 3, 3, 1, 0] Cost 430 Resources Of Agents [('0', 30), ('1', 50), ('2', 48), ('3', 47), ('4', 55)] | ;
gap2-2
AGENTS 5
JOBS 20
COSTS [[22, 19, 13, 18, 24, 21, 24, 22, 11, 19, 15, 15, 18, 11, 14, 11, 21, 14, 25, 22], [13, 16, 12, 18, 13, 13, 16, 12, 19, 21, 18, 25, 20, 22, 25, 22, 16, 19, 18, 18], [21, 20, 20, 19, 10, 22, 22, 22, 23, 23, 17, 13, 13, 20, 14, 14, 24, 10, 25, 13], [22, 14, 18, 24, 11, 14, 10, 21, 15, 19, 23, 23, 13, 23, 20, 19, 19, 18, 18, 15], [22, 12, 25, 20, 16, 16, 19, 11, 15, 21, 11, 19, 21, 24, 20, 16, 11, 12, 15, 10]]
resource_of_agent_job [[18, 9, 14, 10, 18, 18, 12, 22, 19, 15, 21, 20, 7, 14, 15, 6, 13, 15, 18, 15], [10, 23, 23, 23, 24, 6, 14, 7, 16, 13, 23, 6, 7, 7, 21, 11, 24, 17, 16, 23], [15, 6, 13, 13, 18, 7, 22, 19, 18, 6, 23, 9, 10, 13, 21, 23, 24, 17, 16, 15], [25, 7, 13, 9, 23, 14, 20, 9, 16, 18, 22, 8, 12, 13, 9, 7, 11, 7, 9, 19], [15, 12, 10, 8, 22, 17, 13, 21, 11, 10, 6, 20, 17, 11, 10, 24, 21, 18, 12, 7]]
capacity_of_agents [49, 51, 49, 43, 46]
Solution Before Init Neighbor [2, 0, 2, 0, 4, 1, 4, 1, 4, 2, 4, 1, 0, 1, 3, 0, 3, 3, 3, 2] Cost 351 | Initial SOL [4, 0, 2, 3, 0, 2, 4, 1, 3, 2, 4, 2, 1, 2, 1, 1, 3, 3, 4, 0] Cost 385 | Solution [4, 0, 2, 3, 0, 2, 4, 1, 3, 2, 4, 2, 1, 2, 1, 1, 3, 3, 4, 0] Cost 385 Resources Of Agents [('0', 42), ('1', 46), ('2', 48), ('3', 43), ('4', 46)] | ;
Solution Before Init Neighbor [2, 0, 2, 0, 4, 1, 4, 1, 4, 2, 4, 1, 0, 1, 3, 0, 3, 3, 3, 2] Cost 351 | Initial SOL [1, 4, 4, 3, 0, 2, 2, 3, 1, 0, 4, 3, 1, 4, 3, 3, 0, 2, 1, 4] Cost 377 | Solution [1, 0, 4, 3, 0, 2, 4, 3, 2, 2, 4, 1, 0, 3, 1, 1, 0, 3, 2, 4] Cost 411 Resources Of Agents [('0', 47), ('1', 48), ('2', 47), ('3', 38), ('4', 36)] | ;
Solution Before Init Neighbor [2, 0, 2, 0, 4, 1, 4, 1, 4, 2, 4, 1, 0, 1, 3, 0, 3, 3, 3, 2] Cost 351 | Initial SOL [2, 0, 3, 0, 1, 2, 0, 4, 2, 2, 4, 1, 1, 4, 0, 1, 3, 3, 3, 4] Cost 373 | Solution [4, 2, 4, 3, 0, 2, 0, 3, 1, 4, 4, 1, 1, 1, 3, 1, 0, 3, 2, 2] Cost 419 Resources Of Agents [('0', 43), ('1', 47), ('2', 44), ('3', 34), ('4', 41)] | ;
Solution Before Init Neighbor [2, 0, 2, 0, 4, 1, 4, 1, 4, 2, 4, 1, 0, 1, 3, 0, 3, 3, 3, 2] Cost 351 | Initial SOL [1, 3, 4, 3, 1, 2, 0, 1, 2, 2, 4, 1, 0, 4, 3, 0, 3, 2, 4, 0] Cost 368 | Solution [4, 2, 2, 0, 1, 2, 4, 0, 3, 2, 4, 1, 1, 4, 3, 1, 3, 3, 2, 0] Cost 400 Resources Of Agents [('0', 47), ('1', 48), ('2', 48), ('3', 43), ('4', 45)] | ;
Solution Before Init Neighbor [2, 0, 2, 0, 4, 1, 4, 1, 4, 2, 4, 1, 0, 1, 3, 0, 3, 3, 3, 2] Cost 351 | Initial SOL [4, 2, 4, 3, 1, 2, 0, 3, 4, 2, 4, 2, 0, 1, 0, 1, 3, 2, 3, 0] Cost 378 | Solution [4, 2, 2, 3, 4, 2, 0, 3, 1, 2, 4, 1, 1, 1, 3, 1, 0, 3, 2, 0] Cost 417 Resources Of Agents [('0', 40), ('1', 47), ('2', 48), ('3', 34), ('4', 43)] | ;
Solution Before Init Neighbor [2, 0, 2, 0, 4, 1, 4, 1, 4, 2, 4, 1, 0, 1, 3, 0, 3, 3, 3, 2] Cost 351 | Initial SOL [4, 3, 0, 2, 2, 2, 0, 3, 4, 2, 4, 1, 0, 0, 1, 3, 3, 1, 3, 4] Cost 358 | Solution [4, 3, 0, 2, 2, 2, 0, 3, 4, 2, 4, 1, 0, 0, 1, 3, 3, 1, 3, 4] Cost 358 Resources Of Agents [('0', 47), ('1', 44), ('2', 44), ('3', 43), ('4', 39)] | ;
Solution Before Init Neighbor [2, 0, 2, 0, 4, 1, 4, 1, 4, 2, 4, 1, 0, 1, 3, 0, 3, 3, 3, 2] Cost 351 | Initial SOL [1, 2, 0, 3, 4, 1, 4, 3, 1, 2, 4, 1, 0, 1, 0, 3, 0, 3, 3, 2] Cost 360 | Solution [1, 2, 0, 3, 4, 1, 4, 3, 1, 2, 4, 1, 0, 1, 0, 3, 0, 3, 3, 2] Cost 360 Resources Of Agents [('0', 49), ('1', 45), ('2', 27), ('3', 41), ('4', 41)] | ;
Solution Before Init Neighbor [2, 0, 2, 0, 4, 1, 4, 1, 4, 2, 4, 1, 0, 1, 3, 0, 3, 3, 3, 2] Cost 351 | Initial SOL [1, 2, 2, 2, 3, 4, 0, 1, 4, 2, 4, 2, 1, 0, 4, 1, 3, 3, 1, 0] Cost 347 | Solution [2, 2, 4, 3, 0, 4, 1, 3, 2, 2, 4, 1, 1, 4, 3, 3, 0, 3, 0, 1] Cost 414 Resources Of Agents [('0', 49), ('1', 50), ('2', 45), ('3', 41), ('4', 44)] | ;
Solution Before Init Neighbor [2, 0, 2, 0, 4, 1, 4, 1, 4, 2, 4, 1, 0, 1, 3, 0, 3, 3, 3, 2] Cost 351 | Initial SOL [2, 0, 4, 4, 0, 2, 1, 1, 4, 4, 4, 1, 2, 1, 3, 0, 3, 2, 1, 3] Cost 359 | Solution [4, 2, 4, 3, 0, 2, 0, 3, 2, 2, 4, 1, 1, 1, 4, 1, 3, 1, 3, 0] Cost 426 Resources Of Agents [('0', 45), ('1', 48), ('2', 37), ('3', 38), ('4', 41)] | ;
Solution Before Init Neighbor [2, 0, 2, 0, 4, 1, 4, 1, 4, 2, 4, 1, 0, 1, 3, 0, 3, 3, 3, 2] Cost 351 | Initial SOL [1, 4, 3, 2, 2, 1, 0, 3, 2, 0, 4, 4, 0, 1, 0, 1, 3, 3, 1, 4] Cost 343 | Solution [0, 2, 4, 3, 0, 2, 0, 3, 2, 4, 4, 1, 1, 4, 1, 1, 3, 3, 2, 4] Cost 425 Resources Of Agents [('0', 48), ('1', 45), ('2', 47), ('3', 36), ('4', 44)] | ;
gap2-3
AGENTS 5
JOBS 20
COSTS [[11, 19, 24, 11, 11, 23, 15, 25, 17, 20, 15, 16, 10, 19, 23, 17, 14, 20, 18, 14], [13, 16, 20, 13, 24, 23, 24, 23, 12, 21, 17, 20, 22, 11, 25, 12, 10, 14, 17, 15], [16, 14, 13, 21, 19, 22, 13, 10, 16, 15, 22, 16, 24, 19, 23, 19, 24, 10, 23, 10], [17, 12, 20, 13, 21, 24, 14, 14, 14, 16, 12, 15, 24, 18, 13, 17, 18, 18, 12, 11], [19, 22, 23, 14, 11, 14, 18, 13, 25, 18, 11, 10, 21, 21, 25, 20, 11, 11, 13, 13]]
resource_of_agent_job [[18, 6, 5, 16, 21, 16, 19, 23, 16, 20, 14, 18, 11, 20, 5, 13, 7, 10, 5, 13], [12, 16, 21, 10, 17, 7, 19, 8, 24, 19, 6, 18, 24, 12, 8, 18, 22, 25, 12, 18], [7, 22, 23, 12, 23, 18, 6, 23, 14, 8, 16, 10, 20, 12, 14, 13, 13, 11, 19, 15], [6, 23, 7, 10, 13, 14, 11, 17, 10, 14, 22, 9, 18, 7, 19, 15, 19, 5, 24, 13], [16, 10, 19, 14, 7, 18, 25, 14, 8, 8, 7, 8, 22, 24, 16, 18, 16, 11, 8, 9]]
capacity_of_agents [45, 51, 48, 45, 46]
Solution Before Init Neighbor [2, 0, 0, 1, 3, 1, 2, 1, 3, 2, 1, 2, 4, 3, 0, 4, 4, 3, 0, 4] Cost 356 | Initial SOL [1, 0, 0, 4, 3, 1, 2, 1, 3, 2, 4, 2, 1, 0, 0, 3, 4, 3, 0, 4] Cost 347 | Solution [2, 0, 0, 2, 1, 3, 1, 1, 4, 4, 1, 3, 3, 4, 0, 2, 2, 0, 0, 0] Cost 413 Resources Of Agents [('0', 44), ('1', 50), ('2', 45), ('3', 41), ('4', 40)] | ;
Solution Before Init Neighbor [2, 0, 0, 1, 3, 1, 2, 1, 3, 2, 1, 2, 4, 3, 0, 4, 4, 3, 0, 4] Cost 356 | Initial SOL [3, 0, 2, 3, 3, 4, 2, 1, 0, 4, 1, 4, 1, 1, 0, 2, 0, 3, 0, 4] Cost 333 | Solution [3, 4, 0, 2, 1, 3, 1, 1, 4, 0, 1, 2, 3, 2, 0, 4, 2, 0, 0, 4] Cost 418 Resources Of Agents [('0', 45), ('1', 50), ('2', 47), ('3', 38), ('4', 45)] | ;
Solution Before Init Neighbor [2, 0, 0, 1, 3, 1, 2, 1, 3, 2, 1, 2, 4, 3, 0, 4, 4, 3, 0, 4] Cost 356 | Initial SOL [1, 0, 3, 1, 4, 1, 2, 3, 0, 3, 4, 4, 0, 3, 2, 2, 1, 2, 4, 4] Cost 296 | Solution [2, 0, 0, 2, 3, 3, 1, 1, 4, 4, 1, 3, 4, 3, 1, 2, 2, 0, 0, 0] Cost 406 Resources Of Agents [('0', 39), ('1', 41), ('2', 45), ('3', 43), ('4', 38)] | ;
Solution Before Init Neighbor [2, 0, 0, 1, 3, 1, 2, 1, 3, 2, 1, 2, 4, 3, 0, 4, 4, 3, 0, 4] Cost 356 | Initial SOL [2, 0, 3, 3, 4, 3, 2, 1, 4, 2, 1, 0, 0, 1, 0, 2, 4, 2, 0, 1] Cost 329 | Solution [3, 4, 0, 1, 3, 3, 1, 1, 4, 4, 1, 0, 2, 3, 1, 2, 2, 0, 0, 4] Cost 405 Resources Of Agents [('0', 38), ('1', 51), ('2', 46), ('3', 40), ('4', 35)] | ;
Solution Before Init Neighbor [2, 0, 0, 1, 3, 1, 2, 1, 3, 2, 1, 2, 4, 3, 0, 4, 4, 3, 0, 4] Cost 356 | Initial SOL [3, 1, 0, 0, 3, 1, 2, 4, 3, 2, 0, 4, 2, 1, 0, 3, 2, 4, 1, 4] Cost 332 | Solution [3, 1, 0, 0, 3, 1, 2, 4, 3, 2, 0, 4, 2, 1, 0, 3, 2, 4, 1, 4] Cost 332 Resources Of Agents [('0', 40), ('1', 47), ('2', 47), ('3', 44), ('4', 42)] | ;
Solution Before Init Neighbor [2, 0, 0, 1, 3, 1, 2, 1, 3, 2, 1, 2, 4, 3, 0, 4, 4, 3, 0, 4] Cost 356 | Initial SOL [3, 0, 3, 1, 4, 1, 2, 2, 4, 3, 1, 3, 4, 3, 0, 1, 0, 0, 2, 4] Cost 343 | Solution [3, 4, 0, 3, 1, 1, 1, 1, 4, 4, 2, 2, 3, 3, 0, 4, 2, 0, 0, 0] Cost 412 Resources Of Agents [('0', 38), ('1', 51), ('2', 39), ('3', 41), ('4', 44)] | ;
Solution Before Init Neighbor [2, 0, 0, 1, 3, 1, 2, 1, 3, 2, 1, 2, 4, 3, 0, 4, 4, 3, 0, 4] Cost 356 | Initial SOL [3, 4, 3, 2, 3, 0, 1, 4, 4, 2, 1, 4, 3, 1, 0, 2, 0, 0, 1, 2] Cost 366 | Solution [3, 4, 3, 2, 3, 0, 1, 4, 4, 2, 1, 4, 3, 1, 0, 2, 0, 0, 1, 2] Cost 366 Resources Of Agents [('0', 38), ('1', 49), ('2', 48), ('3', 44), ('4', 40)] | ;
Solution Before Init Neighbor [2, 0, 0, 1, 3, 1, 2, 1, 3, 2, 1, 2, 4, 3, 0, 4, 4, 3, 0, 4] Cost 356 | Initial SOL [2, 0, 0, 1, 3, 1, 0, 4, 3, 4, 1, 3, 2, 3, 0, 1, 0, 4, 4, 2] Cost 333 | Solution [2, 0, 0, 1, 3, 1, 0, 4, 3, 4, 1, 3, 2, 3, 0, 1, 0, 4, 4, 2] Cost 333 Resources Of Agents [('0', 42), ('1', 41), ('2', 42), ('3', 39), ('4', 41)] | ;
Solution Before Init Neighbor [2, 0, 0, 1, 3, 1, 2, 1, 3, 2, 1, 2, 4, 3, 0, 4, 4, 3, 0, 4] Cost 356 | Initial SOL [4, 0, 3, 3, 4, 2, 2, 1, 4, 2, 0, 2, 1, 3, 0, 1, 3, 0, 0, 4] Cost 355 | Solution [3, 0, 0, 2, 1, 1, 1, 1, 4, 4, 2, 3, 3, 3, 4, 0, 2, 0, 0, 4] Cost 414 Resources Of Agents [('0', 39), ('1', 51), ('2', 41), ('3', 40), ('4', 41)] | ;
Solution Before Init Neighbor [2, 0, 0, 1, 3, 1, 2, 1, 3, 2, 1, 2, 4, 3, 0, 4, 4, 3, 0, 4] Cost 356 | Initial SOL [3, 4, 0, 3, 4, 3, 2, 1, 2, 3, 1, 4, 0, 1, 1, 2, 0, 4, 4, 2] Cost 319 | Solution [3, 4, 0, 2, 1, 1, 1, 1, 4, 0, 2, 3, 3, 3, 4, 0, 2, 3, 0, 4] Cost 417 Resources Of Agents [('0', 43), ('1', 51), ('2', 41), ('3', 45), ('4', 43)] | ;
gap2-4
AGENTS 5
JOBS 20
COSTS [[12, 24, 13, 11, 20, 12, 19, 17, 19, 22, 19, 22, 13, 12, 10, 12, 13, 13, 25, 16], [25, 24, 22, 10, 21, 17, 21, 17, 13, 15, 15, 15, 20, 20, 19, 14, 17, 14, 12, 20], [21, 11, 15, 16, 11, 14, 22, 22, 12, 17, 15, 15, 11, 18, 13, 19, 20, 25, 13, 13], [24, 15, 19, 17, 24, 20, 21, 18, 25, 15, 14, 23, 10, 11, 23, 22, 18, 19, 24, 22], [14, 18, 20, 14, 15, 25, 13, 19, 17, 10, 18, 13, 21, 17, 22, 18, 17, 10, 20, 12]]
resource_of_agent_job [[13, 6, 12, 16, 23, 15, 20, 9, 6, 18, 21, 21, 13, 9, 23, 19, 16, 9, 25, 11], [16, 9, 9, 16, 11, 17, 21, 21, 23, 12, 6, 20, 20, 19, 12, 20, 21, 24, 13, 6], [21, 7, 6, 7, 6, 15, 18, 7, 24, 12, 24, 8, 14, 25, 21, 21, 22, 23, 16, 19], [10, 23, 16, 8, 11, 14, 5, 25, 23, 11, 25, 18, 11, 14, 17, 22, 15, 23, 7, 18], [16, 14, 17, 15, 8, 24, 16, 23, 6, 20, 7, 12, 19, 7, 19, 15, 16, 20, 25, 18]]
capacity_of_agents [49, 51, 51, 52, 52]
Solution Before Init Neighbor [3, 0, 1, 2, 1, 3, 3, 0, 0, 2, 1, 2, 2, 0, 4, 4, 4, 4, 3, 1] Cost 365 | Initial SOL [0, 0, 1, 2, 2, 4, 3, 2, 4, 2, 3, 2, 0, 4, 1, 1, 3, 0, 3, 1] Cost 354 | Solution [3, 0, 1, 3, 3, 3, 1, 2, 0, 0, 4, 4, 4, 4, 1, 2, 0, 2, 3, 1] Cost 404 Resources Of Agents [('0', 46), ('1', 48), ('2', 51), ('3', 50), ('4', 45)] | ;
Solution Before Init Neighbor [3, 0, 1, 2, 1, 3, 3, 0, 0, 2, 1, 2, 2, 0, 4, 4, 4, 4, 3, 1] Cost 365 | Initial SOL [3, 2, 2, 3, 4, 0, 0, 2, 0, 3, 1, 2, 3, 4, 4, 2, 4, 1, 1, 1] Cost 330 | Solution [1, 0, 1, 3, 1, 3, 3, 2, 4, 0, 1, 0, 4, 4, 3, 2, 4, 2, 3, 1] Cost 414 Resources Of Agents [('0', 45), ('1', 48), ('2', 51), ('3', 51), ('4', 48)] | ;
Solution Before Init Neighbor [3, 0, 1, 2, 1, 3, 3, 0, 0, 2, 1, 2, 2, 0, 4, 4, 4, 4, 3, 1] Cost 365 | Initial SOL [1, 3, 0, 3, 2, 0, 3, 2, 4, 2, 4, 4, 3, 4, 1, 4, 2, 0, 1, 1] Cost 330 | Solution [3, 1, 1, 2, 3, 4, 3, 2, 0, 2, 4, 0, 0, 1, 3, 4, 2, 0, 3, 1] Cost 405 Resources Of Agents [('0', 49), ('1', 43), ('2', 48), ('3', 50), ('4', 46)] | ;
Solution Before Init Neighbor [3, 0, 1, 2, 1, 3, 3, 0, 0, 2, 1, 2, 2, 0, 4, 4, 4, 4, 3, 1] Cost 365 | Initial SOL [4, 2, 1, 1, 4, 2, 0, 0, 0, 3, 1, 2, 1, 4, 2, 4, 3, 0, 3, 3] Cost 331 | Solution [3, 0, 1, 2, 3, 4, 3, 2, 0, 2, 4, 0, 0, 1, 1, 4, 3, 2, 3, 1] Cost 411 Resources Of Agents [('0', 46), ('1', 46), ('2', 49), ('3', 48), ('4', 46)] | ;
Solution Before Init Neighbor [3, 0, 1, 2, 1, 3, 3, 0, 0, 2, 1, 2, 2, 0, 4, 4, 4, 4, 3, 1] Cost 365 | Initial SOL [4, 3, 0, 3, 2, 2, 0, 2, 0, 1, 1, 2, 2, 3, 4, 4, 1, 0, 3, 1] Cost 325 | Solution [1, 4, 1, 3, 3, 4, 3, 2, 0, 2, 4, 0, 0, 4, 1, 2, 3, 0, 3, 1] Cost 393 Resources Of Agents [('0', 49), ('1', 43), ('2', 40), ('3', 46), ('4', 52)] | ;
Solution Before Init Neighbor [3, 0, 1, 2, 1, 3, 3, 0, 0, 2, 1, 2, 2, 0, 4, 4, 4, 4, 3, 1] Cost 365 | Initial SOL [3, 4, 2, 4, 2, 3, 3, 0, 0, 2, 1, 0, 0, 1, 1, 2, 3, 4, 3, 1] Cost 356 | Solution [3, 4, 2, 4, 2, 3, 3, 0, 0, 2, 1, 0, 0, 1, 1, 2, 3, 4, 3, 1] Cost 356 Resources Of Agents [('0', 49), ('1', 43), ('2', 45), ('3', 51), ('4', 49)] | ;
Solution Before Init Neighbor [3, 0, 1, 2, 1, 3, 3, 0, 0, 2, 1, 2, 2, 0, 4, 4, 4, 4, 3, 1] Cost 365 | Initial SOL [3, 1, 3, 2, 2, 0, 3, 2, 4, 4, 1, 2, 3, 4, 1, 4, 0, 1, 3, 2] Cost 334 | Solution [1, 0, 1, 2, 3, 3, 3, 2, 0, 0, 4, 2, 4, 1, 4, 0, 3, 2, 3, 1] Cost 410 Resources Of Agents [('0', 49), ('1', 50), ('2', 45), ('3', 52), ('4', 45)] | ;
Solution Before Init Neighbor [3, 0, 1, 2, 1, 3, 3, 0, 0, 2, 1, 2, 2, 0, 4, 4, 4, 4, 3, 1] Cost 365 | Initial SOL [3, 2, 2, 4, 3, 2, 1, 0, 4, 0, 1, 4, 0, 3, 1, 4, 3, 0, 2, 1] Cost 332 | Solution [3, 0, 1, 2, 3, 4, 3, 2, 0, 2, 1, 0, 1, 4, 1, 4, 0, 2, 3, 3] Cost 409 Resources Of Agents [('0', 49), ('1', 47), ('2', 49), ('3', 51), ('4', 46)] | ;
Solution Before Init Neighbor [3, 0, 1, 2, 1, 3, 3, 0, 0, 2, 1, 2, 2, 0, 4, 4, 4, 4, 3, 1] Cost 365 | Initial SOL [3, 1, 1, 2, 2, 3, 2, 1, 0, 2, 1, 2, 0, 4, 4, 0, 4, 0, 3, 3] Cost 362 | Solution [3, 0, 2, 2, 3, 3, 3, 2, 0, 0, 4, 2, 1, 4, 4, 4, 1, 2, 3, 1] Cost 403 Resources Of Agents [('0', 30), ('1', 47), ('2', 51), ('3', 47), ('4', 48)] | ;
Solution Before Init Neighbor [3, 0, 1, 2, 1, 3, 3, 0, 0, 2, 1, 2, 2, 0, 4, 4, 4, 4, 3, 1] Cost 365 | Initial SOL [1, 2, 2, 1, 1, 0, 3, 2, 4, 3, 1, 4, 3, 3, 0, 4, 4, 0, 3, 2] Cost 313 | Solution [1, 0, 1, 2, 0, 3, 3, 0, 0, 3, 4, 1, 4, 4, 4, 2, 3, 2, 3, 1] Cost 398 Resources Of Agents [('0', 44), ('1', 51), ('2', 51), ('3', 52), ('4', 52)] | ;
gap2-5
AGENTS 5
JOBS 20
COSTS [[21, 23, 20, 11, 11, 17, 14, 15, 16, 22, 18, 17, 10, 12, 14, 11, 18, 13, 11, 25], [23, 17, 16, 18, 13, 21, 14, 13, 20, 14, 25, 10, 17, 14, 20, 20, 21, 22, 22, 20], [22, 20, 12, 22, 13, 13, 16, 22, 22, 10, 18, 13, 13, 11, 19, 13, 20, 10, 16, 19], [11, 10, 23, 19, 18, 21, 17, 11, 10, 21, 19, 22, 18, 22, 17, 21, 15, 10, 24, 24], [18, 22, 23, 19, 15, 12, 14, 13, 12, 22, 21, 15, 12, 11, 21, 20, 22, 13, 11, 21]]
resource_of_agent_job [[14, 12, 6, 18, 9, 12, 19, 7, 22, 19, 7, 6, 25, 10, 13, 7, 24, 17, 12, 6], [15, 19, 25, 17, 16, 7, 8, 21, 21, 5, 8, 13, 16, 24, 15, 14, 8, 7, 18, 18], [17, 15, 23, 14, 24, 10, 15, 17, 8, 23, 16, 23, 25, 13, 24, 17, 6, 14, 7, 21], [24, 23, 19, 15, 15, 13, 6, 12, 21, 21, 16, 5, 8, 11, 9, 9, 23, 11, 8, 11], [25, 11, 15, 11, 9, 18, 10, 23, 9, 7, 19, 14, 7, 6, 22, 17, 7, 7, 5, 13]]
capacity_of_agents [43, 47, 54, 45, 42]
Solution Before Init Neighbor [4, 4, 0, 3, 4, 1, 1, 0, 2, 1, 4, 0, 3, 2, 3, 3, 2, 1, 2, 0] Cost 368 | Initial SOL [2, 2, 4, 3, 1, 0, 3, 0, 2, 1, 0, 4, 4, 3, 1, 0, 1, 3, 4, 0] Cost 347 | Solution [0, 0, 0, 4, 3, 1, 3, 2, 2, 4, 1, 3, 3, 3, 2, 4, 4, 1, 1, 0] Cost 422 Resources Of Agents [('0', 38), ('1', 40), ('2', 49), ('3', 45), ('4', 42)] | ;
Solution Before Init Neighbor [4, 4, 0, 3, 4, 1, 1, 0, 2, 1, 4, 0, 3, 2, 3, 3, 2, 1, 2, 0] Cost 368 | Initial SOL [2, 4, 0, 1, 0, 2, 3, 4, 2, 1, 1, 3, 3, 4, 0, 0, 1, 1, 2, 0] Cost 357 | Solution [0, 0, 4, 2, 4, 1, 2, 2, 2, 4, 1, 3, 3, 3, 1, 3, 4, 1, 3, 0] Cost 428 Resources Of Agents [('0', 32), ('1', 37), ('2', 54), ('3', 41), ('4', 38)] | ;
Solution Before Init Neighbor [4, 4, 0, 3, 4, 1, 1, 0, 2, 1, 4, 0, 3, 2, 3, 3, 2, 1, 2, 0] Cost 368 | Initial SOL [0, 4, 0, 1, 4, 1, 1, 0, 4, 1, 1, 3, 3, 2, 2, 3, 2, 3, 4, 0] Cost 354 | Solution [0, 0, 4, 2, 0, 1, 2, 2, 2, 4, 1, 3, 3, 3, 1, 3, 1, 1, 3, 0] Cost 423 Resources Of Agents [('0', 41), ('1', 45), ('2', 54), ('3', 41), ('4', 22)] | ;
Solution Before Init Neighbor [4, 4, 0, 3, 4, 1, 1, 0, 2, 1, 4, 0, 3, 2, 3, 3, 2, 1, 2, 0] Cost 368 | Initial SOL [1, 2, 0, 1, 2, 1, 1, 4, 2, 0, 0, 3, 4, 3, 3, 3, 2, 4, 4, 0] Cost 367 | Solution [1, 2, 0, 1, 2, 1, 1, 4, 2, 0, 0, 3, 4, 3, 3, 3, 2, 4, 4, 0] Cost 367 Resources Of Agents [('0', 38), ('1', 47), ('2', 53), ('3', 34), ('4', 42)] | ;
Solution Before Init Neighbor [4, 4, 0, 3, 4, 1, 1, 0, 2, 1, 4, 0, 3, 2, 3, 3, 2, 1, 2, 0] Cost 368 | Initial SOL [0, 3, 4, 4, 1, 1, 1, 0, 4, 1, 1, 3, 3, 2, 2, 0, 2, 4, 3, 0] Cost 350 | Solution [0, 0, 4, 2, 4, 1, 2, 2, 2, 4, 1, 3, 3, 3, 1, 3, 4, 1, 3, 0] Cost 428 Resources Of Agents [('0', 32), ('1', 37), ('2', 54), ('3', 41), ('4', 38)] | ;
Solution Before Init Neighbor [4, 4, 0, 3, 4, 1, 1, 0, 2, 1, 4, 0, 3, 2, 3, 3, 2, 1, 2, 0] Cost 368 | Initial SOL [0, 2, 0, 1, 4, 2, 3, 2, 4, 4, 1, 1, 3, 4, 0, 3, 1, 3, 4, 3] Cost 345 | Solution [0, 4, 4, 2, 0, 1, 3, 2, 2, 4, 1, 0, 3, 3, 1, 3, 4, 1, 3, 0] Cost 419 Resources Of Agents [('0', 35), ('1', 37), ('2', 39), ('3', 42), ('4', 40)] | ;
Solution Before Init Neighbor [4, 4, 0, 3, 4, 1, 1, 0, 2, 1, 4, 0, 3, 2, 3, 3, 2, 1, 2, 0] Cost 368 | Initial SOL [1, 2, 0, 3, 2, 1, 4, 0, 4, 4, 3, 3, 4, 0, 3, 0, 2, 4, 2, 1] Cost 341 | Solution [1, 2, 0, 3, 2, 1, 4, 0, 4, 4, 3, 3, 4, 0, 3, 0, 2, 4, 2, 1] Cost 341 Resources Of Agents [('0', 30), ('1', 40), ('2', 52), ('3', 45), ('4', 40)] | ;
Solution Before Init Neighbor [4, 4, 0, 3, 4, 1, 1, 0, 2, 1, 4, 0, 3, 2, 3, 3, 2, 1, 2, 0] Cost 368 | Initial SOL [2, 0, 3, 2, 0, 1, 1, 2, 4, 4, 0, 0, 3, 1, 3, 4, 4, 1, 3, 0] Cost 389 | Solution [2, 0, 3, 2, 0, 1, 1, 2, 4, 4, 0, 0, 3, 1, 3, 4, 4, 1, 3, 0] Cost 389 Resources Of Agents [('0', 40), ('1', 46), ('2', 48), ('3', 44), ('4', 40)] | ;
Solution Before Init Neighbor [4, 4, 0, 3, 4, 1, 1, 0, 2, 1, 4, 0, 3, 2, 3, 3, 2, 1, 2, 0] Cost 368 | Initial SOL [1, 2, 0, 3, 4, 0, 3, 0, 4, 1, 3, 4, 3, 2, 1, 0, 2, 1, 4, 0] Cost 344 | Solution [1, 0, 0, 2, 4, 3, 2, 2, 2, 4, 1, 3, 3, 3, 1, 4, 4, 1, 3, 0] Cost 426 Resources Of Agents [('0', 24), ('1', 45), ('2', 54), ('3', 45), ('4', 40)] | ;
Solution Before Init Neighbor [4, 4, 0, 3, 4, 1, 1, 0, 2, 1, 4, 0, 3, 2, 3, 3, 2, 1, 2, 0] Cost 368 | Initial SOL [1, 3, 2, 1, 4, 1, 0, 0, 4, 1, 0, 3, 4, 4, 3, 2, 2, 4, 2, 0] Cost 321 | Solution [2, 0, 4, 2, 4, 1, 2, 0, 2, 4, 1, 3, 3, 3, 1, 3, 4, 1, 3, 0] Cost 422 Resources Of Agents [('0', 25), ('1', 37), ('2', 54), ('3', 41), ('4', 38)] | ;
gap3-1
AGENTS 5
JOBS 25
COSTS [[18, 19, 19, 17, 24, 25, 24, 25, 25, 23, 20, 21, 25, 17, 25, 21, 25, 19, 23, 19, 20, 15, 25, 23, 17], [25, 17, 18, 16, 18, 15, 23, 20, 19, 22, 23, 18, 17, 16, 16, 24, 16, 23, 23, 24, 19, 17, 15, 17, 17], [17, 25, 15, 23, 21, 20, 24, 17, 21, 22, 22, 15, 18, 23, 17, 22, 20, 24, 19, 18, 15, 15, 18, 19, 19], [21, 16, 25, 23, 18, 21, 18, 16, 21, 21, 15, 21, 24, 23, 24, 23, 20, 25, 24, 18, 19, 23, 22, 22, 16], [24, 16, 24, 19, 16, 25, 23, 25, 17, 21, 21, 22, 17, 25, 19, 21, 23, 19, 17, 24, 19, 15, 20, 15, 20]]
resource_of_agent_job [[25, 23, 5, 13, 6, 15, 24, 9, 17, 11, 5, 6, 8, 14, 9, 9, 21, 23, 13, 8, 22, 20, 24, 15, 20], [18, 8, 5, 20, 8, 7, 13, 17, 9, 16, 19, 11, 6, 12, 25, 23, 9, 21, 11, 15, 24, 23, 15, 21, 12], [7, 25, 13, 9, 16, 16, 8, 17, 5, 17, 10, 18, 21, 25, 17, 24, 20, 16, 9, 18, 18, 18, 16, 6, 24], [25, 11, 8, 7, 25, 20, 24, 16, 9, 15, 22, 10, 17, 6, 22, 11, 19, 20, 14, 14, 8, 18, 22, 18, 22], [7, 16, 20, 18, 13, 10, 15, 20, 5, 19, 11, 6, 11, 23, 15, 21, 15, 20, 21, 11, 9, 25, 17, 18, 12]]
capacity_of_agents [58, 58, 62, 64, 60]
Solution Before Init Neighbor [2, 1, 0, 2, 0, 1, 2, 4, 1, 3, 0, 0, 0, 3, 4, 3, 1, 2, 1, 3, 3, 0, 4, 2, 4] Cost 509 | Initial SOL [4, 4, 1, 2, 0, 4, 1, 2, 3, 1, 0, 0, 0, 1, 4, 0, 1, 3, 2, 0, 3, 3, 2, 0, 4] Cost 517 | Solution [4, 4, 1, 2, 0, 4, 1, 2, 3, 1, 0, 0, 0, 1, 4, 0, 1, 3, 2, 0, 3, 3, 2, 0, 4] Cost 517 Resources Of Agents [('0', 57), ('1', 55), ('2', 51), ('3', 55), ('4', 60)] | ;
Solution Before Init Neighbor [2, 1, 0, 2, 0, 1, 2, 4, 1, 3, 0, 0, 0, 3, 4, 3, 1, 2, 1, 3, 3, 0, 4, 2, 4] Cost 509 | Initial SOL [4, 3, 0, 3, 0, 3, 1, 0, 2, 2, 0, 4, 0, 1, 0, 2, 4, 2, 1, 0, 3, 3, 1, 4, 4] Cost 529 | Solution [4, 3, 0, 3, 0, 3, 1, 0, 2, 2, 0, 4, 0, 1, 0, 2, 4, 2, 1, 0, 3, 3, 1, 4, 4] Cost 529 Resources Of Agents [('0', 50), ('1', 51), ('2', 62), ('3', 64), ('4', 58)] | ;
Solution Before Init Neighbor [2, 1, 0, 2, 0, 1, 2, 4, 1, 3, 0, 0, 0, 3, 4, 3, 1, 2, 1, 3, 3, 0, 4, 2, 4] Cost 509 | Initial SOL [2, 4, 0, 3, 0, 4, 1, 0, 0, 2, 4, 4, 1, 3, 0, 0, 1, 3, 2, 2, 4, 3, 1, 2, 1] Cost 519 | Solution [2, 4, 0, 2, 0, 3, 2, 0, 0, 2, 4, 1, 1, 3, 0, 0, 1, 3, 2, 1, 4, 3, 4, 2, 1] Cost 523 Resources Of Agents [('0', 55), ('1', 53), ('2', 56), ('3', 64), ('4', 53)] | ;
Solution Before Init Neighbor [2, 1, 0, 2, 0, 1, 2, 4, 1, 3, 0, 0, 0, 3, 4, 3, 1, 2, 1, 3, 3, 0, 4, 2, 4] Cost 509 | Initial SOL [4, 1, 0, 0, 0, 1, 4, 2, 4, 3, 0, 4, 1, 1, 0, 0, 1, 2, 2, 3, 4, 2, 1, 3, 4] Cost 483 | Solution [4, 1, 0, 0, 0, 1, 4, 2, 4, 3, 0, 4, 1, 1, 0, 0, 1, 2, 2, 3, 4, 2, 1, 3, 4] Cost 483 Resources Of Agents [('0', 47), ('1', 57), ('2', 60), ('3', 47), ('4', 54)] | ;
Solution Before Init Neighbor [2, 1, 0, 2, 0, 1, 2, 4, 1, 3, 0, 0, 0, 3, 4, 3, 1, 2, 1, 3, 3, 0, 4, 2, 4] Cost 509 | Initial SOL [2, 1, 1, 2, 0, 4, 2, 0, 4, 4, 4, 3, 0, 3, 0, 0, 1, 3, 2, 4, 2, 1, 3, 2, 1] Cost 521 | Solution [2, 1, 1, 2, 0, 4, 2, 0, 4, 4, 4, 3, 0, 3, 0, 0, 1, 3, 2, 4, 2, 1, 3, 2, 1] Cost 521 Resources Of Agents [('0', 41), ('1', 57), ('2', 57), ('3', 58), ('4', 56)] | ;
Solution Before Init Neighbor [2, 1, 0, 2, 0, 1, 2, 4, 1, 3, 0, 0, 0, 3, 4, 3, 1, 2, 1, 3, 3, 0, 4, 2, 4] Cost 509 | Initial SOL [2, 3, 1, 3, 0, 1, 2, 1, 4, 0, 0, 1, 4, 3, 2, 0, 1, 2, 4, 4, 0, 3, 3, 2, 4] Cost 498 | Solution [4, 1, 3, 3, 0, 0, 2, 0, 2, 2, 2, 0, 0, 3, 3, 0, 4, 2, 1, 1, 4, 3, 4, 2, 4] Cost 561 Resources Of Agents [('0', 53), ('1', 34), ('2', 62), ('3', 61), ('4', 60)] | ;
Solution Before Init Neighbor [2, 1, 0, 2, 0, 1, 2, 4, 1, 3, 0, 0, 0, 3, 4, 3, 1, 2, 1, 3, 3, 0, 4, 2, 4] Cost 509 | Initial SOL [2, 1, 1, 3, 1, 1, 1, 0, 1, 0, 0, 0, 1, 3, 2, 3, 4, 4, 2, 4, 2, 3, 3, 2, 0] Cost 500 | Solution [1, 1, 3, 2, 0, 4, 2, 0, 2, 0, 1, 4, 0, 3, 0, 3, 3, 2, 0, 4, 4, 3, 4, 2, 1] Cost 562 Resources Of Agents [('0', 56), ('1', 57), ('2', 44), ('3', 62), ('4', 53)] | ;
Solution Before Init Neighbor [2, 1, 0, 2, 0, 1, 2, 4, 1, 3, 0, 0, 0, 3, 4, 3, 1, 2, 1, 3, 3, 0, 4, 2, 4] Cost 509 | Initial SOL [2, 4, 0, 3, 1, 1, 4, 3, 2, 0, 1, 1, 3, 0, 0, 0, 1, 2, 2, 0, 2, 3, 4, 2, 4] Cost 494 | Solution [2, 1, 1, 3, 0, 4, 2, 3, 1, 3, 2, 0, 1, 3, 0, 2, 1, 4, 0, 4, 0, 3, 4, 2, 1] Cost 515 Resources Of Agents [('0', 56), ('1', 49), ('2', 55), ('3', 62), ('4', 58)] | ;
Solution Before Init Neighbor [2, 1, 0, 2, 0, 1, 2, 4, 1, 3, 0, 0, 0, 3, 4, 3, 1, 2, 1, 3, 3, 0, 4, 2, 4] Cost 509 | Initial SOL [4, 4, 3, 3, 0, 4, 2, 0, 1, 1, 0, 0, 4, 0, 0, 3, 1, 2, 2, 0, 2, 3, 1, 2, 4] Cost 520 | Solution [4, 4, 3, 3, 0, 4, 2, 0, 1, 1, 0, 0, 4, 0, 0, 3, 1, 2, 2, 0, 2, 3, 1, 2, 4] Cost 520 Resources Of Agents [('0', 57), ('1', 49), ('2', 57), ('3', 44), ('4', 56)] | ;
Solution Before Init Neighbor [2, 1, 0, 2, 0, 1, 2, 4, 1, 3, 0, 0, 0, 3, 4, 3, 1, 2, 1, 3, 3, 0, 4, 2, 4] Cost 509 | Initial SOL [4, 1, 1, 0, 2, 1, 3, 0, 4, 0, 0, 3, 4, 3, 4, 3, 1, 4, 1, 2, 3, 2, 1, 2, 0] Cost 479 | Solution [1, 1, 3, 2, 0, 4, 2, 0, 3, 2, 2, 4, 0, 3, 0, 3, 4, 2, 1, 1, 3, 0, 4, 3, 4] Cost 561 Resources Of Agents [('0', 52), ('1', 52), ('2', 60), ('3', 60), ('4', 60)] | ;
gap3-2
AGENTS 5
JOBS 25
COSTS [[22, 20, 18, 19, 18, 24, 22, 17, 23, 20, 24, 15, 21, 24, 24, 24, 24, 25, 19, 15, 22, 19, 20, 16, 20], [15, 25, 18, 18, 21, 15, 20, 16, 21, 17, 15, 22, 18, 20, 18, 18, 19, 15, 15, 17, 19, 19, 17, 22, 22], [23, 18, 24, 15, 20, 24, 18, 18, 20, 16, 23, 16, 23, 16, 15, 17, 17, 20, 24, 22, 23, 17, 15, 25, 17], [17, 19, 18, 20, 20, 19, 17, 25, 19, 20, 16, 17, 17, 16, 21, 21, 25, 18, 15, 15, 24, 24, 15, 15, 24], [17, 22, 19, 19, 19, 24, 15, 16, 16, 25, 25, 24, 20, 17, 15, 17, 17, 19, 16, 18, 23, 20, 15, 21, 18]]
resource_of_agent_job [[14, 11, 25, 16, 17, 18, 22, 16, 20, 6, 6, 14, 14, 25, 9, 7, 6, 11, 25, 19, 22, 11, 20, 8, 19], [18, 16, 5, 17, 8, 21, 9, 5, 12, 9, 8, 20, 6, 18, 16, 11, 14, 11, 6, 21, 6, 5, 14, 18, 12], [11, 5, 6, 8, 20, 12, 14, 9, 15, 17, 23, 11, 11, 12, 20, 16, 10, 10, 12, 18, 24, 6, 20, 9, 18], [6, 16, 8, 6, 5, 9, 12, 7, 24, 8, 10, 14, 23, 12, 9, 5, 22, 8, 11, 5, 16, 6, 20, 14, 17], [16, 23, 5, 6, 8, 24, 25, 5, 25, 19, 23, 8, 16, 7, 16, 8, 16, 14, 17, 25, 18, 23, 12, 5, 20]]
capacity_of_agents [60, 48, 53, 46, 61]
Solution Before Init Neighbor [2, 2, 1, 2, 3, 3, 3, 1, 4, 0, 0, 2, 1, 4, 3, 0, 0, 2, 1, 3, 4, 1, 4, 0, 4] Cost 467 | Initial SOL [2, 2, 1, 3, 3, 2, 2, 4, 1, 0, 0, 4, 1, 4, 4, 0, 3, 4, 1, 3, 1, 0, 0, 2, 1] Cost 499 | Solution [0, 4, 1, 3, 3, 3, 3, 3, 1, 0, 0, 4, 2, 1, 0, 0, 0, 0, 2, 2, 4, 3, 4, 2, 1] Cost 547 Resources Of Agents [('0', 59), ('1', 47), ('2', 50), ('3', 45), ('4', 61)] | ;
Solution Before Init Neighbor [2, 2, 1, 2, 3, 3, 3, 1, 4, 0, 0, 2, 1, 4, 3, 0, 0, 2, 1, 3, 4, 1, 4, 0, 4] Cost 467 | Initial SOL [3, 2, 1, 4, 4, 3, 2, 4, 1, 3, 0, 4, 2, 4, 3, 4, 4, 2, 0, 3, 1, 3, 0, 0, 1] Cost 483 | Solution [2, 1, 2, 4, 1, 2, 1, 3, 0, 0, 0, 4, 2, 4, 3, 0, 0, 0, 4, 3, 4, 3, 1, 2, 3] Cost 550 Resources Of Agents [('0', 56), ('1', 47), ('2', 49), ('3', 44), ('4', 56)] | ;
Solution Before Init Neighbor [2, 2, 1, 2, 3, 3, 3, 1, 4, 0, 0, 2, 1, 4, 3, 0, 0, 2, 1, 3, 4, 1, 4, 0, 4] Cost 467 | Initial SOL [3, 4, 2, 4, 1, 3, 3, 4, 1, 0, 1, 2, 4, 4, 0, 0, 0, 1, 2, 3, 1, 3, 2, 0, 0] Cost 484 | Solution [3, 4, 2, 4, 1, 3, 3, 4, 1, 0, 1, 2, 4, 4, 0, 0, 0, 1, 2, 3, 1, 3, 2, 0, 0] Cost 484 Resources Of Agents [('0', 55), ('1', 45), ('2', 49), ('3', 38), ('4', 57)] | ;
Solution Before Init Neighbor [2, 2, 1, 2, 3, 3, 3, 1, 4, 0, 0, 2, 1, 4, 3, 0, 0, 2, 1, 3, 4, 1, 4, 0, 4] Cost 467 | Initial SOL [3, 0, 3, 3, 3, 2, 1, 3, 2, 0, 1, 2, 2, 4, 4, 0, 0, 0, 1, 4, 1, 3, 4, 1, 0] Cost 496 | Solution [3, 0, 2, 3, 4, 2, 1, 4, 3, 4, 3, 4, 0, 4, 0, 0, 0, 4, 1, 2, 1, 0, 1, 2, 1] Cost 512 Resources Of Agents [('0', 58), ('1', 47), ('2', 45), ('3', 46), ('4', 61)] | ;
Solution Before Init Neighbor [2, 2, 1, 2, 3, 3, 3, 1, 4, 0, 0, 2, 1, 4, 3, 0, 0, 2, 1, 3, 4, 1, 4, 0, 4] Cost 467 | Initial SOL [3, 0, 3, 4, 3, 4, 1, 1, 0, 0, 3, 4, 2, 4, 3, 3, 2, 4, 1, 2, 1, 1, 0, 2, 1] Cost 497 | Solution [0, 4, 2, 3, 1, 2, 1, 4, 0, 0, 0, 4, 2, 4, 1, 0, 0, 3, 2, 3, 4, 3, 1, 2, 3] Cost 536 Resources Of Agents [('0', 59), ('1', 47), ('2', 50), ('3', 42), ('4', 61)] | ;
Solution Before Init Neighbor [2, 2, 1, 2, 3, 3, 3, 1, 4, 0, 0, 2, 1, 4, 3, 0, 0, 2, 1, 3, 4, 1, 4, 0, 4] Cost 467 | Initial SOL [3, 2, 2, 3, 1, 0, 1, 3, 4, 0, 1, 4, 2, 4, 4, 2, 0, 2, 3, 3, 1, 3, 0, 4, 1] Cost 496 | Solution [2, 1, 2, 3, 1, 2, 0, 3, 1, 4, 0, 4, 0, 4, 0, 3, 0, 4, 2, 3, 3, 3, 4, 2, 1] Cost 553 Resources Of Agents [('0', 57), ('1', 48), ('2', 50), ('3', 45), ('4', 60)] | ;
Solution Before Init Neighbor [2, 2, 1, 2, 3, 3, 3, 1, 4, 0, 0, 2, 1, 4, 3, 0, 0, 2, 1, 3, 4, 1, 4, 0, 4] Cost 467 | Initial SOL [0, 2, 2, 2, 3, 4, 1, 3, 1, 1, 0, 0, 4, 3, 3, 0, 2, 0, 3, 2, 1, 2, 4, 4, 1] Cost 499 | Solution [0, 2, 2, 2, 3, 4, 1, 3, 1, 1, 0, 0, 4, 3, 3, 0, 2, 0, 3, 2, 1, 2, 4, 4, 1] Cost 499 Resources Of Agents [('0', 52), ('1', 48), ('2', 53), ('3', 44), ('4', 57)] | ;
Solution Before Init Neighbor [2, 2, 1, 2, 3, 3, 3, 1, 4, 0, 0, 2, 1, 4, 3, 0, 0, 2, 1, 3, 4, 1, 4, 0, 4] Cost 467 | Initial SOL [3, 2, 4, 4, 4, 3, 1, 1, 2, 3, 0, 4, 1, 2, 0, 3, 0, 4, 2, 0, 1, 1, 0, 4, 1] Cost 497 | Solution [3, 2, 4, 4, 4, 3, 1, 1, 2, 3, 0, 4, 1, 2, 0, 3, 0, 4, 2, 0, 1, 1, 0, 4, 1] Cost 497 Resources Of Agents [('0', 60), ('1', 43), ('2', 44), ('3', 28), ('4', 46)] | ;
Solution Before Init Neighbor [2, 2, 1, 2, 3, 3, 3, 1, 4, 0, 0, 2, 1, 4, 3, 0, 0, 2, 1, 3, 4, 1, 4, 0, 4] Cost 467 | Initial SOL [0, 2, 1, 4, 4, 3, 3, 1, 2, 1, 4, 4, 1, 2, 0, 0, 0, 4, 3, 3, 1, 2, 0, 2, 1] Cost 492 | Solution [0, 2, 1, 4, 4, 3, 3, 1, 2, 1, 4, 4, 1, 2, 0, 0, 0, 4, 3, 3, 1, 2, 0, 2, 1] Cost 492 Resources Of Agents [('0', 56), ('1', 43), ('2', 47), ('3', 37), ('4', 59)] | ;
Solution Before Init Neighbor [2, 2, 1, 2, 3, 3, 3, 1, 4, 0, 0, 2, 1, 4, 3, 0, 0, 2, 1, 3, 4, 1, 4, 0, 4] Cost 467 | Initial SOL [3, 2, 2, 2, 1, 3, 1, 4, 0, 1, 0, 4, 2, 4, 2, 0, 0, 3, 4, 0, 1, 3, 4, 3, 1] Cost 485 | Solution [2, 4, 2, 4, 1, 2, 1, 3, 0, 3, 0, 4, 2, 1, 0, 0, 0, 0, 2, 3, 3, 3, 4, 4, 1] Cost 554 Resources Of Agents [('0', 59), ('1', 47), ('2', 52), ('3', 42), ('4', 54)] | ;
gap3-3
AGENTS 5
JOBS 25
COSTS [[15, 19, 20, 22, 21, 24, 20, 22, 18, 24, 20, 22, 18, 24, 21, 16, 21, 17, 17, 18, 25, 21, 22, 25, 22], [21, 24, 24, 17, 24, 20, 19, 23, 16, 23, 23, 22, 17, 16, 23, 16, 24, 18, 15, 17, 24, 22, 24, 15, 16], [18, 25, 16, 22, 18, 23, 21, 21, 19, 25, 15, 19, 23, 19, 19, 15, 22, 17, 16, 21, 18, 22, 17, 25, 18], [22, 22, 15, 19, 18, 19, 19, 22, 17, 17, 24, 20, 21, 21, 24, 19, 25, 19, 15, 20, 22, 18, 20, 17, 15], [23, 18, 21, 23, 15, 19, 19, 19, 20, 19, 17, 20, 20, 21, 23, 25, 24, 23, 23, 19, 19, 20, 17, 15, 24]]
resource_of_agent_job [[19, 14, 6, 10, 6, 20, 16, 12, 17, 23, 7, 23, 20, 15, 7, 17, 7, 25, 10, 17, 10, 6, 10, 23, 12], [18, 8, 17, 19, 19, 24, 20, 10, 11, 14, 17, 19, 23, 24, 7, 25, 24, 24, 8, 17, 9, 22, 8, 11, 11], [14, 15, 18, 22, 9, 8, 10, 21, 17, 18, 9, 19, 6, 25, 17, 6, 12, 6, 12, 15, 21, 12, 14, 19, 7], [6, 5, 5, 23, 12, 6, 11, 16, 13, 20, 12, 9, 24, 16, 22, 12, 8, 24, 21, 13, 8, 18, 13, 17, 21], [18, 25, 20, 18, 20, 8, 18, 24, 11, 9, 14, 23, 18, 19, 11, 5, 12, 11, 17, 16, 22, 17, 6, 16, 24]]
capacity_of_agents [56, 65, 56, 56, 64]
Solution Before Init Neighbor [3, 1, 0, 4, 0, 2, 3, 1, 3, 4, 0, 3, 2, 4, 0, 2, 3, 2, 1, 4, 1, 0, 1, 4, 2] Cost 509 | Initial SOL [3, 3, 1, 2, 2, 4, 3, 1, 1, 3, 2, 3, 2, 0, 1, 2, 0, 4, 4, 4, 1, 0, 0, 1, 0] Cost 512 | Solution [3, 1, 0, 4, 0, 3, 2, 1, 4, 1, 3, 1, 2, 0, 3, 4, 3, 4, 4, 2, 0, 0, 1, 2, 0] Cost 567 Resources Of Agents [('0', 55), ('1', 59), ('2', 50), ('3', 54), ('4', 62)] | ;
Solution Before Init Neighbor [3, 1, 0, 4, 0, 2, 3, 1, 3, 4, 0, 3, 2, 4, 0, 2, 3, 2, 1, 4, 1, 0, 1, 4, 2] Cost 509 | Initial SOL [0, 3, 0, 1, 2, 3, 2, 1, 4, 2, 1, 3, 2, 4, 4, 4, 3, 2, 1, 0, 1, 4, 0, 3, 2] Cost 511 | Solution [3, 1, 1, 0, 1, 2, 3, 1, 4, 2, 0, 3, 2, 0, 4, 4, 3, 4, 4, 2, 3, 0, 3, 1, 0] Cost 553 Resources Of Agents [('0', 50), ('1', 65), ('2', 47), ('3', 55), ('4', 55)] | ;
Solution Before Init Neighbor [3, 1, 0, 4, 0, 2, 3, 1, 3, 4, 0, 3, 2, 4, 0, 2, 3, 2, 1, 4, 1, 0, 1, 4, 2] Cost 509 | Initial SOL [2, 1, 0, 0, 3, 2, 2, 1, 4, 4, 2, 3, 1, 3, 1, 4, 3, 2, 0, 0, 3, 4, 0, 4, 1] Cost 501 | Solution [4, 2, 1, 0, 0, 3, 3, 1, 4, 2, 3, 1, 2, 0, 0, 4, 3, 4, 4, 2, 1, 0, 1, 3, 0] Cost 560 Resources Of Agents [('0', 56), ('1', 63), ('2', 54), ('3', 54), ('4', 62)] | ;
Solution Before Init Neighbor [3, 1, 0, 4, 0, 2, 3, 1, 3, 4, 0, 3, 2, 4, 0, 2, 3, 2, 1, 4, 1, 0, 1, 4, 2] Cost 509 | Initial SOL [2, 1, 2, 1, 3, 3, 0, 0, 4, 1, 2, 3, 2, 0, 4, 2, 3, 4, 4, 3, 3, 0, 4, 1, 1] Cost 499 | Solution [4, 1, 1, 0, 1, 3, 2, 1, 4, 2, 3, 3, 2, 3, 0, 4, 4, 4, 0, 3, 0, 0, 1, 2, 0] Cost 560 Resources Of Agents [('0', 55), ('1', 62), ('2', 53), ('3', 56), ('4', 57)] | ;
Solution Before Init Neighbor [3, 1, 0, 4, 0, 2, 3, 1, 3, 4, 0, 3, 2, 4, 0, 2, 3, 2, 1, 4, 1, 0, 1, 4, 2] Cost 509 | Initial SOL [3, 1, 0, 0, 3, 2, 2, 1, 4, 1, 2, 1, 3, 0, 0, 3, 4, 2, 4, 2, 0, 0, 4, 1, 2] Cost 519 | Solution [4, 2, 1, 4, 0, 4, 2, 3, 0, 1, 0, 3, 2, 3, 1, 4, 4, 2, 1, 3, 1, 2, 1, 0, 2] Cost 540 Resources Of Agents [('0', 53), ('1', 63), ('2', 56), ('3', 54), ('4', 61)] | ;
Solution Before Init Neighbor [3, 1, 0, 4, 0, 2, 3, 1, 3, 4, 0, 3, 2, 4, 0, 2, 3, 2, 1, 4, 1, 0, 1, 4, 2] Cost 509 | Initial SOL [3, 3, 0, 2, 2, 0, 3, 3, 4, 1, 4, 3, 2, 0, 4, 2, 3, 2, 1, 1, 4, 0, 4, 1, 1] Cost 496 | Solution [3, 3, 0, 2, 2, 0, 3, 3, 4, 1, 4, 3, 2, 0, 4, 2, 3, 2, 1, 1, 4, 0, 4, 1, 1] Cost 496 Resources Of Agents [('0', 47), ('1', 61), ('2', 49), ('3', 55), ('4', 64)] | ;
Solution Before Init Neighbor [3, 1, 0, 4, 0, 2, 3, 1, 3, 4, 0, 3, 2, 4, 0, 2, 3, 2, 1, 4, 1, 0, 1, 4, 2] Cost 509 | Initial SOL [3, 1, 0, 2, 0, 2, 3, 0, 1, 4, 0, 3, 4, 4, 4, 2, 0, 3, 2, 0, 1, 1, 4, 1, 2] Cost 497 | Solution [3, 2, 1, 0, 0, 2, 2, 1, 4, 1, 3, 3, 2, 0, 1, 4, 3, 4, 4, 4, 0, 2, 1, 3, 0] Cost 563 Resources Of Agents [('0', 53), ('1', 56), ('2', 51), ('3', 52), ('4', 60)] | ;
Solution Before Init Neighbor [3, 1, 0, 4, 0, 2, 3, 1, 3, 4, 0, 3, 2, 4, 0, 2, 3, 2, 1, 4, 1, 0, 1, 4, 2] Cost 509 | Initial SOL [3, 3, 3, 0, 1, 0, 3, 1, 4, 4, 2, 3, 2, 3, 0, 4, 2, 1, 1, 4, 0, 4, 4, 2, 2] Cost 514 | Solution [3, 2, 0, 0, 1, 2, 3, 1, 0, 1, 3, 4, 2, 0, 1, 4, 3, 4, 4, 3, 1, 0, 4, 2, 2] Cost 554 Resources Of Agents [('0', 54), ('1', 59), ('2', 55), ('3', 50), ('4', 62)] | ;
Solution Before Init Neighbor [3, 1, 0, 4, 0, 2, 3, 1, 3, 4, 0, 3, 2, 4, 0, 2, 3, 2, 1, 4, 1, 0, 1, 4, 2] Cost 509 | Initial SOL [3, 1, 3, 0, 3, 2, 2, 0, 1, 4, 0, 3, 2, 3, 0, 2, 2, 1, 4, 4, 1, 0, 2, 4, 1] Cost 497 | Solution [3, 1, 3, 0, 3, 2, 2, 0, 1, 4, 0, 3, 2, 3, 0, 2, 2, 1, 4, 4, 1, 0, 2, 4, 1] Cost 497 Resources Of Agents [('0', 42), ('1', 63), ('2', 56), ('3', 48), ('4', 58)] | ;
Solution Before Init Neighbor [3, 1, 0, 4, 0, 2, 3, 1, 3, 4, 0, 3, 2, 4, 0, 2, 3, 2, 1, 4, 1, 0, 1, 4, 2] Cost 509 | Initial SOL [1, 3, 3, 1, 0, 4, 3, 1, 4, 2, 0, 4, 2, 3, 2, 2, 3, 2, 1, 4, 1, 0, 4, 0, 0] Cost 505 | Solution [1, 3, 3, 1, 0, 4, 3, 1, 4, 2, 0, 4, 2, 3, 2, 2, 3, 2, 1, 4, 1, 0, 4, 0, 0] Cost 505 Resources Of Agents [('0', 54), ('1', 64), ('2', 53), ('3', 45), ('4', 64)] | ;
gap3-4
AGENTS 5
JOBS 25
COSTS [[16, 18, 22, 17, 21, 18, 15, 20, 16, 17, 17, 20, 23, 18, 24, 25, 22, 20, 20, 23, 25, 16, 17, 24, 18], [23, 15, 16, 16, 15, 21, 20, 25, 18, 16, 25, 15, 20, 18, 16, 16, 20, 17, 17, 22, 23, 22, 20, 17, 18], [21, 20, 22, 20, 24, 24, 24, 23, 18, 15, 18, 17, 19, 17, 21, 25, 21, 16, 22, 16, 17, 25, 20, 18, 19], [21, 18, 22, 24, 24, 24, 22, 21, 20, 15, 20, 18, 25, 24, 25, 15, 19, 15, 21, 23, 23, 24, 20, 17, 15], [18, 19, 24, 16, 17, 16, 17, 22, 23, 24, 15, 20, 23, 17, 21, 24, 23, 22, 17, 16, 25, 15, 20, 23, 16]]
resource_of_agent_job [[21, 18, 18, 5, 12, 23, 21, 12, 16, 20, 21, 23, 12, 9, 24, 6, 22, 22, 12, 20, 5, 11, 8, 6, 14], [9, 18, 18, 16, 22, 8, 10, 17, 15, 13, 22, 20, 19, 7, 10, 25, 15, 10, 21, 10, 23, 8, 6, 20, 11], [23, 8, 16, 25, 5, 14, 18, 12, 17, 21, 25, 12, 16, 24, 5, 18, 16, 21, 23, 9, 21, 25, 8, 5, 16], [14, 5, 18, 11, 15, 10, 10, 11, 6, 16, 7, 17, 20, 7, 24, 12, 6, 18, 8, 12, 17, 6, 25, 16, 23], [18, 18, 7, 21, 23, 13, 5, 15, 20, 24, 19, 21, 23, 10, 22, 23, 11, 22, 25, 7, 21, 11, 23, 13, 22]]
capacity_of_agents [60, 59, 64, 53, 69]
Solution Before Init Neighbor [1, 2, 4, 0, 2, 1, 1, 2, 3, 3, 3, 4, 0, 1, 2, 0, 3, 4, 3, 2, 0, 1, 0, 0, 4] Cost 516 | Initial SOL [1, 2, 3, 3, 2, 1, 4, 4, 3, 0, 0, 1, 2, 1, 2, 0, 4, 1, 3, 4, 0, 3, 0, 2, 4] Cost 502 | Solution [1, 2, 4, 3, 2, 3, 1, 1, 3, 4, 1, 4, 2, 3, 2, 0, 4, 0, 3, 0, 0, 3, 2, 0, 2] Cost 561 Resources Of Agents [('0', 59), ('1', 58), ('2', 58), ('3', 48), ('4', 63)] | ;
Solution Before Init Neighbor [1, 2, 4, 0, 2, 1, 1, 2, 3, 3, 3, 4, 0, 1, 2, 0, 3, 4, 3, 2, 0, 1, 0, 0, 4] Cost 516 | Initial SOL [4, 3, 1, 3, 4, 2, 4, 0, 3, 2, 3, 2, 0, 3, 2, 0, 4, 1, 0, 2, 0, 4, 0, 1, 1] Cost 487 | Solution [1, 2, 4, 3, 2, 2, 1, 2, 3, 4, 1, 0, 3, 1, 2, 0, 4, 4, 3, 0, 0, 3, 2, 0, 1] Cost 560 Resources Of Agents [('0', 60), ('1', 59), ('2', 52), ('3', 51), ('4', 64)] | ;
Solution Before Init Neighbor [1, 2, 4, 0, 2, 1, 1, 2, 3, 3, 3, 4, 0, 1, 2, 0, 3, 4, 3, 2, 0, 1, 0, 0, 4] Cost 516 | Initial SOL [4, 2, 4, 0, 2, 1, 4, 2, 4, 1, 3, 2, 0, 4, 2, 0, 3, 2, 1, 1, 0, 3, 3, 0, 0] Cost 511 | Solution [1, 2, 4, 3, 2, 3, 2, 1, 4, 1, 3, 4, 0, 3, 0, 0, 4, 1, 3, 1, 0, 3, 2, 0, 2] Cost 558 Resources Of Agents [('0', 53), ('1', 59), ('2', 55), ('3', 49), ('4', 59)] | ;
Solution Before Init Neighbor [1, 2, 4, 0, 2, 1, 1, 2, 3, 3, 3, 4, 0, 1, 2, 0, 3, 4, 3, 2, 0, 1, 0, 0, 4] Cost 516 | Initial SOL [1, 2, 4, 0, 2, 1, 4, 2, 0, 4, 3, 2, 1, 1, 4, 2, 3, 1, 3, 3, 3, 4, 2, 0, 0] Cost 510 | Solution [1, 3, 4, 3, 2, 2, 2, 1, 3, 4, 3, 0, 0, 3, 2, 0, 4, 4, 3, 1, 0, 3, 1, 0, 2] Cost 563 Resources Of Agents [('0', 52), ('1', 42), ('2', 58), ('3', 50), ('4', 64)] | ;
Solution Before Init Neighbor [1, 2, 4, 0, 2, 1, 1, 2, 3, 3, 3, 4, 0, 1, 2, 0, 3, 4, 3, 2, 0, 1, 0, 0, 4] Cost 516 | Initial SOL [3, 3, 4, 0, 1, 3, 4, 2, 3, 0, 3, 2, 2, 1, 2, 0, 3, 4, 0, 4, 0, 1, 0, 4, 2] Cost 499 | Solution [1, 2, 4, 3, 2, 2, 3, 1, 3, 4, 0, 3, 4, 1, 2, 0, 4, 0, 2, 1, 0, 3, 2, 0, 1] Cost 550 Resources Of Agents [('0', 60), ('1', 54), ('2', 63), ('3', 50), ('4', 65)] | ;
Solution Before Init Neighbor [1, 2, 4, 0, 2, 1, 1, 2, 3, 3, 3, 4, 0, 1, 2, 0, 3, 4, 3, 2, 0, 1, 0, 0, 4] Cost 516 | Initial SOL [0, 2, 2, 4, 2, 1, 4, 0, 3, 1, 3, 1, 4, 4, 2, 3, 3, 0, 2, 4, 0, 3, 1, 2, 1] Cost 485 | Solution [1, 4, 4, 3, 2, 3, 1, 2, 3, 0, 3, 4, 4, 3, 2, 0, 0, 1, 3, 1, 0, 2, 1, 0, 2] Cost 546 Resources Of Agents [('0', 59), ('1', 45), ('2', 63), ('3', 49), ('4', 69)] | ;
Solution Before Init Neighbor [1, 2, 4, 0, 2, 1, 1, 2, 3, 3, 3, 4, 0, 1, 2, 0, 3, 4, 3, 2, 0, 1, 0, 0, 4] Cost 516 | Initial SOL [1, 3, 4, 3, 2, 4, 3, 3, 1, 3, 4, 2, 0, 0, 2, 0, 4, 2, 0, 1, 0, 1, 2, 2, 1] Cost 508 | Solution [1, 3, 4, 3, 2, 4, 3, 3, 1, 3, 4, 2, 0, 0, 2, 0, 4, 2, 0, 1, 0, 1, 2, 2, 1] Cost 508 Resources Of Agents [('0', 44), ('1', 53), ('2', 56), ('3', 53), ('4', 50)] | ;
Solution Before Init Neighbor [1, 2, 4, 0, 2, 1, 1, 2, 3, 3, 3, 4, 0, 1, 2, 0, 3, 4, 3, 2, 0, 1, 0, 0, 4] Cost 516 | Initial SOL [4, 4, 4, 0, 0, 1, 1, 2, 3, 3, 3, 2, 1, 4, 2, 0, 3, 3, 2, 2, 0, 0, 0, 4, 1] Cost 489 | Solution [4, 4, 4, 0, 0, 1, 1, 2, 3, 3, 3, 2, 1, 4, 2, 0, 3, 3, 2, 2, 0, 0, 0, 4, 1] Cost 489 Resources Of Agents [('0', 47), ('1', 48), ('2', 61), ('3', 53), ('4', 66)] | ;
Solution Before Init Neighbor [1, 2, 4, 0, 2, 1, 1, 2, 3, 3, 3, 4, 0, 1, 2, 0, 3, 4, 3, 2, 0, 1, 0, 0, 4] Cost 516 | Initial SOL [4, 0, 4, 0, 0, 3, 4, 4, 3, 2, 1, 4, 2, 3, 1, 0, 1, 1, 3, 3, 0, 3, 0, 2, 2] Cost 509 | Solution [4, 0, 4, 0, 0, 3, 4, 4, 3, 2, 1, 4, 2, 3, 1, 0, 1, 1, 3, 3, 0, 3, 0, 2, 2] Cost 509 Resources Of Agents [('0', 54), ('1', 57), ('2', 58), ('3', 49), ('4', 66)] | ;
Solution Before Init Neighbor [1, 2, 4, 0, 2, 1, 1, 2, 3, 3, 3, 4, 0, 1, 2, 0, 3, 4, 3, 2, 0, 1, 0, 0, 4] Cost 516 | Initial SOL [1, 2, 4, 3, 2, 1, 4, 4, 3, 3, 4, 1, 2, 4, 2, 0, 3, 1, 2, 3, 0, 0, 0, 2, 1] Cost 497 | Solution [1, 3, 4, 3, 2, 3, 2, 2, 3, 1, 3, 0, 4, 3, 2, 0, 4, 4, 2, 0, 0, 1, 1, 0, 1] Cost 552 Resources Of Agents [('0', 60), ('1', 47), ('2', 63), ('3', 46), ('4', 63)] | ;
gap3-5
AGENTS 5
JOBS 25
COSTS [[24, 21, 17, 22, 19, 18, 20, 21, 15, 21, 17, 25, 18, 18, 15, 20, 16, 19, 16, 24, 16, 22, 18, 17, 22], [20, 23, 23, 21, 24, 22, 21, 24, 15, 17, 22, 17, 20, 16, 24, 18, 19, 21, 22, 18, 23, 18, 23, 16, 24], [22, 18, 24, 22, 17, 17, 16, 15, 25, 23, 16, 16, 19, 21, 24, 20, 24, 15, 15, 23, 24, 19, 20, 23, 25], [22, 22, 19, 21, 16, 25, 16, 16, 16, 16, 17, 17, 18, 15, 22, 18, 15, 20, 15, 17, 25, 15, 19, 20, 20], [21, 21, 24, 25, 24, 19, 23, 17, 20, 24, 21, 16, 19, 15, 16, 15, 25, 25, 15, 15, 21, 16, 16, 19, 15]]
resource_of_agent_job [[11, 6, 5, 21, 12, 12, 6, 25, 11, 7, 11, 22, 18, 16, 12, 7, 7, 9, 9, 13, 15, 22, 23, 24, 11], [22, 25, 6, 21, 17, 18, 10, 18, 25, 16, 14, 5, 5, 8, 20, 6, 16, 12, 8, 8, 19, 5, 15, 12, 25], [8, 10, 11, 24, 8, 7, 14, 6, 25, 6, 13, 25, 11, 15, 9, 17, 6, 8, 25, 21, 17, 25, 19, 16, 10], [18, 13, 22, 7, 20, 8, 10, 17, 7, 12, 20, 17, 6, 15, 18, 23, 10, 10, 19, 25, 25, 13, 16, 20, 15], [23, 14, 16, 6, 22, 21, 9, 13, 8, 18, 11, 25, 9, 11, 19, 20, 17, 7, 10, 20, 7, 16, 20, 17, 10]]
capacity_of_agents [53, 56, 56, 61, 59]
Solution Before Init Neighbor [2, 0, 0, 3, 2, 2, 0, 2, 3, 0, 4, 1, 1, 1, 4, 0, 2, 3, 1, 4, 4, 1, 3, 4, 3] Cost 475 | Initial SOL [2, 0, 1, 4, 2, 3, 0, 2, 2, 0, 4, 1, 4, 3, 4, 1, 1, 4, 0, 1, 4, 1, 0, 3, 3] Cost 495 | Solution [2, 0, 1, 4, 2, 3, 0, 2, 2, 0, 4, 1, 4, 3, 4, 1, 1, 4, 0, 1, 4, 1, 0, 3, 3] Cost 495 Resources Of Agents [('0', 51), ('1', 46), ('2', 47), ('3', 58), ('4', 59)] | ;
Solution Before Init Neighbor [2, 0, 0, 3, 2, 2, 0, 2, 3, 0, 4, 1, 1, 1, 4, 0, 2, 3, 1, 4, 4, 1, 3, 4, 3] Cost 475 | Initial SOL [0, 0, 1, 2, 0, 2, 0, 2, 4, 0, 0, 1, 3, 1, 4, 1, 2, 2, 4, 1, 3, 1, 1, 4, 3] Cost 481 | Solution [0, 3, 1, 4, 4, 3, 0, 1, 4, 2, 4, 1, 1, 0, 2, 0, 2, 4, 1, 0, 2, 1, 3, 3, 2] Cost 551 Resources Of Agents [('0', 53), ('1', 47), ('2', 48), ('3', 57), ('4', 54)] | ;
Solution Before Init Neighbor [2, 0, 0, 3, 2, 2, 0, 2, 3, 0, 4, 1, 1, 1, 4, 0, 2, 3, 1, 4, 4, 1, 3, 4, 3] Cost 475 | Initial SOL [1, 0, 0, 4, 0, 3, 0, 2, 3, 0, 4, 1, 1, 2, 3, 1, 2, 2, 4, 2, 4, 1, 4, 1, 0] Cost 488 | Solution [0, 3, 2, 4, 1, 3, 0, 1, 4, 2, 4, 1, 3, 1, 2, 0, 4, 4, 1, 0, 4, 3, 2, 3, 2] Cost 544 Resources Of Agents [('0', 37), ('1', 56), ('2', 55), ('3', 60), ('4', 56)] | ;
Solution Before Init Neighbor [2, 0, 0, 3, 2, 2, 0, 2, 3, 0, 4, 1, 1, 1, 4, 0, 2, 3, 1, 4, 4, 1, 3, 4, 3] Cost 475 | Initial SOL [2, 2, 2, 4, 1, 3, 0, 2, 4, 3, 0, 1, 1, 4, 2, 0, 3, 3, 4, 1, 0, 1, 4, 3, 0] Cost 482 | Solution [2, 2, 2, 4, 1, 3, 0, 2, 4, 3, 0, 1, 1, 4, 2, 0, 3, 3, 4, 1, 0, 1, 4, 3, 0] Cost 482 Resources Of Agents [('0', 50), ('1', 40), ('2', 44), ('3', 60), ('4', 55)] | ;
Solution Before Init Neighbor [2, 0, 0, 3, 2, 2, 0, 2, 3, 0, 4, 1, 1, 1, 4, 0, 2, 3, 1, 4, 4, 1, 3, 4, 3] Cost 475 | Initial SOL [2, 0, 1, 4, 4, 2, 1, 2, 4, 3, 2, 1, 3, 4, 1, 0, 0, 0, 0, 1, 0, 1, 3, 2, 4] Cost 474 | Solution [2, 4, 1, 4, 3, 3, 4, 4, 4, 2, 1, 0, 1, 2, 2, 0, 2, 3, 1, 0, 4, 1, 1, 3, 2] Cost 544 Resources Of Agents [('0', 42), ('1', 53), ('2', 54), ('3', 58), ('4', 57)] | ;
Solution Before Init Neighbor [2, 0, 0, 3, 2, 2, 0, 2, 3, 0, 4, 1, 1, 1, 4, 0, 2, 3, 1, 4, 4, 1, 3, 4, 3] Cost 475 | Initial SOL [2, 0, 1, 3, 2, 1, 2, 4, 0, 2, 0, 1, 4, 1, 0, 4, 3, 4, 4, 0, 2, 3, 3, 1, 3] Cost 469 | Solution [0, 3, 1, 4, 2, 3, 4, 2, 4, 0, 1, 0, 1, 4, 2, 2, 2, 4, 1, 0, 3, 1, 1, 4, 2] Cost 546 Resources Of Agents [('0', 53), ('1', 53), ('2', 56), ('3', 46), ('4', 58)] | ;
Solution Before Init Neighbor [2, 0, 0, 3, 2, 2, 0, 2, 3, 0, 4, 1, 1, 1, 4, 0, 2, 3, 1, 4, 4, 1, 3, 4, 3] Cost 475 | Initial SOL [2, 0, 1, 4, 2, 3, 4, 1, 4, 0, 1, 1, 3, 2, 2, 0, 3, 0, 0, 1, 0, 1, 4, 3, 2] Cost 506 | Solution [0, 3, 1, 4, 0, 3, 0, 1, 4, 2, 4, 1, 1, 1, 3, 0, 4, 4, 1, 0, 4, 1, 2, 2, 2] Cost 544 Resources Of Agents [('0', 49), ('1', 55), ('2', 51), ('3', 39), ('4', 56)] | ;
Solution Before Init Neighbor [2, 0, 0, 3, 2, 2, 0, 2, 3, 0, 4, 1, 1, 1, 4, 0, 2, 3, 1, 4, 4, 1, 3, 4, 3] Cost 475 | Initial SOL [3, 0, 2, 4, 2, 3, 0, 4, 3, 2, 0, 1, 1, 4, 4, 1, 3, 4, 1, 1, 0, 1, 1, 2, 0] Cost 495 | Solution [3, 0, 2, 4, 2, 3, 0, 4, 3, 2, 0, 1, 1, 4, 4, 1, 3, 4, 1, 1, 0, 1, 1, 2, 0] Cost 495 Resources Of Agents [('0', 49), ('1', 52), ('2', 41), ('3', 43), ('4', 56)] | ;
Solution Before Init Neighbor [2, 0, 0, 3, 2, 2, 0, 2, 3, 0, 4, 1, 1, 1, 4, 0, 2, 3, 1, 4, 4, 1, 3, 4, 3] Cost 475 | Initial SOL [2, 0, 1, 3, 2, 3, 0, 2, 4, 3, 0, 1, 4, 1, 2, 4, 4, 0, 1, 1, 0, 1, 3, 1, 3] Cost 481 | Solution [0, 0, 1, 3, 4, 3, 4, 1, 4, 2, 4, 1, 1, 0, 2, 0, 2, 4, 1, 0, 2, 1, 3, 3, 2] Cost 549 Resources Of Agents [('0', 53), ('1', 47), ('2', 48), ('3', 51), ('4', 57)] | ;
Solution Before Init Neighbor [2, 0, 0, 3, 2, 2, 0, 2, 3, 0, 4, 1, 1, 1, 4, 0, 2, 3, 1, 4, 4, 1, 3, 4, 3] Cost 475 | Initial SOL [1, 3, 0, 4, 3, 0, 0, 2, 3, 0, 2, 1, 2, 4, 3, 0, 0, 1, 0, 1, 4, 1, 4, 2, 2] Cost 473 | Solution [0, 0, 2, 4, 1, 3, 4, 2, 4, 4, 4, 1, 1, 2, 3, 0, 2, 4, 1, 0, 3, 1, 1, 2, 0] Cost 552 Resources Of Agents [('0', 48), ('1', 55), ('2', 54), ('3', 51), ('4', 59)] | ;
