gap2-1
AGENTS 5
JOBS 20
COSTS [[15, 12, 16, 15, 20, 18, 11, 14, 23, 14, 18, 13, 11, 15, 17, 18, 20, 11, 20, 24], [22, 14, 10, 15, 12, 21, 24, 16, 17, 22, 11, 15, 18, 15, 18, 23, 22, 23, 21, 13], [25, 11, 22, 10, 22, 17, 22, 12, 21, 21, 16, 14, 23, 21, 14, 17, 25, 18, 15, 15], [23, 13, 14, 25, 21, 18, 23, 19, 17, 18, 20, 20, 22, 24, 23, 13, 17, 22, 20, 21], [15, 25, 22, 14, 17, 21, 16, 21, 20, 12, 15, 18, 17, 21, 20, 20, 13, 14, 23, 14]]
resource_of_agent_job [[11, 11, 5, 25, 10, 17, 16, 20, 5, 20, 14, 10, 15, 6, 11, 14, 13, 8, 15, 11], [17, 17, 12, 23, 16, 25, 13, 16, 19, 16, 24, 17, 24, 6, 6, 16, 25, 21, 5, 18], [13, 13, 20, 17, 8, 7, 16, 9, 23, 18, 21, 24, 11, 15, 12, 24, 19, 23, 13, 12], [6, 10, 18, 16, 12, 25, 17, 7, 10, 6, 20, 20, 9, 20, 11, 21, 6, 9, 20, 23], [7, 14, 18, 24, 7, 24, 18, 19, 18, 23, 15, 16, 14, 9, 16, 25, 15, 20, 23, 17]]
capacity_of_agents [42, 54, 52, 47, 55]
Solution Before Init Neighbor [3, 3, 0, 4, 1, 2, 1, 2, 0, 3, 4, 4, 2, 0, 1, 4, 3, 0, 1, 2] Cost 345 | Initial SOL [4, 0, 0, 2, 0, 2, 1, 2, 0, 4, 4, 1, 3, 2, 0, 1, 3, 3, 1, 3] Cost 355 | Solution [4, 0, 0, 2, 0, 2, 1, 2, 0, 4, 4, 1, 3, 2, 0, 1, 3, 3, 1, 3] Cost 355 Resources Of Agents [('0', 42), ('1', 51), ('2', 48), ('3', 47), ('4', 45)] | ;
Solution Before Init Neighbor [3, 3, 0, 4, 1, 2, 1, 2, 0, 3, 4, 4, 2, 0, 1, 4, 3, 0, 1, 2] Cost 345 | Initial SOL [4, 0, 1, 4, 4, 2, 1, 2, 0, 3, 2, 1, 3, 1, 1, 0, 4, 3, 2, 3] Cost 337 | Solution [4, 0, 1, 4, 4, 2, 1, 2, 0, 3, 2, 1, 3, 1, 1, 0, 4, 3, 2, 3] Cost 337 Resources Of Agents [('0', 30), ('1', 54), ('2', 50), ('3', 47), ('4', 53)] | ;
Solution Before Init Neighbor [3, 3, 0, 4, 1, 2, 1, 2, 0, 3, 4, 4, 2, 0, 1, 4, 3, 0, 1, 2] Cost 345 | Initial SOL [3, 3, 0, 2, 0, 2, 1, 4, 0, 3, 4, 0, 3, 1, 0, 1, 3, 3, 2, 1] Cost 357 | Solution [3, 4, 2, 3, 2, 2, 1, 3, 0, 1, 0, 4, 2, 4, 4, 1, 3, 3, 1, 0] Cost 429 Resources Of Agents [('0', 30), ('1', 50), ('2', 46), ('3', 44), ('4', 55)] | ;
Solution Before Init Neighbor [3, 3, 0, 4, 1, 2, 1, 2, 0, 3, 4, 4, 2, 0, 1, 4, 3, 0, 1, 2] Cost 345 | Initial SOL [4, 3, 0, 3, 0, 1, 2, 2, 4, 3, 0, 0, 4, 1, 2, 1, 3, 3, 1, 2] Cost 357 | Solution [2, 4, 0, 4, 2, 3, 1, 3, 0, 2, 0, 4, 2, 1, 1, 1, 3, 3, 1, 0] Cost 406 Resources Of Agents [('0', 35), ('1', 46), ('2', 50), ('3', 47), ('4', 54)] | ;
Solution Before Init Neighbor [3, 3, 0, 4, 1, 2, 1, 2, 0, 3, 4, 4, 2, 0, 1, 4, 3, 0, 1, 2] Cost 345 | Initial SOL [4, 0, 4, 2, 2, 2, 1, 3, 0, 3, 0, 4, 2, 4, 1, 3, 3, 1, 1, 0] Cost 378 | Solution [4, 0, 4, 2, 2, 2, 1, 3, 0, 3, 0, 4, 2, 4, 1, 3, 3, 1, 1, 0] Cost 378 Resources Of Agents [('0', 41), ('1', 45), ('2', 43), ('3', 40), ('4', 50)] | ;
Solution Before Init Neighbor [3, 3, 0, 4, 1, 2, 1, 2, 0, 3, 4, 4, 2, 0, 1, 4, 3, 0, 1, 2] Cost 345 | Initial SOL [3, 3, 0, 2, 4, 4, 0, 2, 1, 3, 1, 0, 3, 1, 4, 2, 3, 3, 1, 0] Cost 340 | Solution [3, 3, 0, 2, 4, 4, 0, 2, 1, 3, 1, 0, 3, 1, 4, 2, 3, 3, 1, 0] Cost 340 Resources Of Agents [('0', 42), ('1', 54), ('2', 50), ('3', 46), ('4', 47)] | ;
Solution Before Init Neighbor [3, 3, 0, 4, 1, 2, 1, 2, 0, 3, 4, 4, 2, 0, 1, 4, 3, 0, 1, 2] Cost 345 | Initial SOL [3, 0, 1, 2, 3, 2, 1, 3, 0, 3, 4, 0, 4, 2, 1, 1, 4, 3, 2, 0] Cost 358 | Solution [3, 1, 0, 3, 0, 2, 1, 3, 0, 3, 4, 4, 2, 4, 1, 0, 3, 0, 2, 2] Cost 370 Resources Of Agents [('0', 42), ('1', 36), ('2', 43), ('3', 41), ('4', 40)] | ;
Solution Before Init Neighbor [3, 3, 0, 4, 1, 2, 1, 2, 0, 3, 4, 4, 2, 0, 1, 4, 3, 0, 1, 2] Cost 345 | Initial SOL [4, 1, 1, 2, 4, 0, 1, 3, 3, 3, 0, 4, 2, 1, 3, 4, 2, 3, 1, 0] Cost 371 | Solution [4, 1, 1, 2, 4, 0, 1, 3, 3, 3, 0, 4, 2, 1, 3, 4, 2, 3, 1, 0] Cost 371 Resources Of Agents [('0', 42), ('1', 53), ('2', 47), ('3', 43), ('4', 55)] | ;
Solution Before Init Neighbor [3, 3, 0, 4, 1, 2, 1, 2, 0, 3, 4, 4, 2, 0, 1, 4, 3, 0, 1, 2] Cost 345 | Initial SOL [3, 2, 4, 3, 2, 2, 4, 0, 0, 3, 2, 4, 1, 0, 1, 1, 3, 3, 1, 0] Cost 383 | Solution [3, 2, 4, 3, 2, 2, 4, 0, 0, 3, 2, 4, 1, 0, 1, 1, 3, 3, 1, 0] Cost 383 Resources Of Agents [('0', 42), ('1', 51), ('2', 49), ('3', 43), ('4', 52)] | ;
Solution Before Init Neighbor [3, 3, 0, 4, 1, 2, 1, 2, 0, 3, 4, 4, 2, 0, 1, 4, 3, 0, 1, 2] Cost 345 | Initial SOL [3, 2, 0, 3, 2, 2, 4, 1, 0, 3, 4, 0, 0, 1, 3, 1, 3, 2, 1, 4] Cost 357 | Solution [2, 4, 2, 3, 2, 2, 1, 3, 0, 1, 0, 4, 3, 4, 4, 1, 3, 3, 1, 0] Cost 430 Resources Of Agents [('0', 30), ('1', 50), ('2', 48), ('3', 47), ('4', 55)] | ;
gap2-2
AGENTS 5
JOBS 20
COSTS [[22, 19, 13, 18, 24, 21, 24, 22, 11, 19, 15, 15, 18, 11, 14, 11, 21, 14, 25, 22], [13, 16, 12, 18, 13, 13, 16, 12, 19, 21, 18, 25, 20, 22, 25, 22, 16, 19, 18, 18], [21, 20, 20, 19, 10, 22, 22, 22, 23, 23, 17, 13, 13, 20, 14, 14, 24, 10, 25, 13], [22, 14, 18, 24, 11, 14, 10, 21, 15, 19, 23, 23, 13, 23, 20, 19, 19, 18, 18, 15], [22, 12, 25, 20, 16, 16, 19, 11, 15, 21, 11, 19, 21, 24, 20, 16, 11, 12, 15, 10]]
resource_of_agent_job [[18, 9, 14, 10, 18, 18, 12, 22, 19, 15, 21, 20, 7, 14, 15, 6, 13, 15, 18, 15], [10, 23, 23, 23, 24, 6, 14, 7, 16, 13, 23, 6, 7, 7, 21, 11, 24, 17, 16, 23], [15, 6, 13, 13, 18, 7, 22, 19, 18, 6, 23, 9, 10, 13, 21, 23, 24, 17, 16, 15], [25, 7, 13, 9, 23, 14, 20, 9, 16, 18, 22, 8, 12, 13, 9, 7, 11, 7, 9, 19], [15, 12, 10, 8, 22, 17, 13, 21, 11, 10, 6, 20, 17, 11, 10, 24, 21, 18, 12, 7]]
capacity_of_agents [49, 51, 49, 43, 46]
Solution Before Init Neighbor [2, 0, 2, 0, 4, 1, 4, 1, 4, 2, 4, 1, 0, 1, 3, 0, 3, 3, 3, 2] Cost 351 | Initial SOL [4, 0, 2, 3, 0, 2, 4, 1, 3, 2, 4, 2, 1, 2, 1, 1, 3, 3, 4, 0] Cost 385 | Solution [4, 0, 2, 3, 0, 2, 4, 1, 3, 2, 4, 2, 1, 2, 1, 1, 3, 3, 4, 0] Cost 385 Resources Of Agents [('0', 42), ('1', 46), ('2', 48), ('3', 43), ('4', 46)] | ;
Solution Before Init Neighbor [2, 0, 2, 0, 4, 1, 4, 1, 4, 2, 4, 1, 0, 1, 3, 0, 3, 3, 3, 2] Cost 351 | Initial SOL [1, 4, 4, 3, 0, 2, 2, 3, 1, 0, 4, 3, 1, 4, 3, 3, 0, 2, 1, 4] Cost 377 | Solution [1, 0, 4, 3, 0, 2, 4, 3, 2, 2, 4, 1, 0, 3, 1, 1, 0, 3, 2, 4] Cost 411 Resources Of Agents [('0', 47), ('1', 48), ('2', 47), ('3', 38), ('4', 36)] | ;
Solution Before Init Neighbor [2, 0, 2, 0, 4, 1, 4, 1, 4, 2, 4, 1, 0, 1, 3, 0, 3, 3, 3, 2] Cost 351 | Initial SOL [2, 0, 3, 0, 1, 2, 0, 4, 2, 2, 4, 1, 1, 4, 0, 1, 3, 3, 3, 4] Cost 373 | Solution [4, 2, 4, 3, 0, 2, 0, 3, 1, 4, 4, 1, 1, 1, 3, 1, 0, 3, 2, 2] Cost 419 Resources Of Agents [('0', 43), ('1', 47), ('2', 44), ('3', 34), ('4', 41)] | ;
Solution Before Init Neighbor [2, 0, 2, 0, 4, 1, 4, 1, 4, 2, 4, 1, 0, 1, 3, 0, 3, 3, 3, 2] Cost 351 | Initial SOL [1, 3, 4, 3, 1, 2, 0, 1, 2, 2, 4, 1, 0, 4, 3, 0, 3, 2, 4, 0] Cost 368 | Solution [4, 2, 2, 0, 1, 2, 4, 0, 3, 2, 4, 1, 1, 4, 3, 1, 3, 3, 2, 0] Cost 400 Resources Of Agents [('0', 47), ('1', 48), ('2', 48), ('3', 43), ('4', 45)] | ;
Solution Before Init Neighbor [2, 0, 2, 0, 4, 1, 4, 1, 4, 2, 4, 1, 0, 1, 3, 0, 3, 3, 3, 2] Cost 351 | Initial SOL [4, 2, 4, 3, 1, 2, 0, 3, 4, 2, 4, 2, 0, 1, 0, 1, 3, 2, 3, 0] Cost 378 | Solution [4, 2, 2, 3, 4, 2, 0, 3, 1, 2, 4, 1, 1, 1, 3, 1, 0, 3, 2, 0] Cost 417 Resources Of Agents [('0', 40), ('1', 47), ('2', 48), ('3', 34), ('4', 43)] | ;
Solution Before Init Neighbor [2, 0, 2, 0, 4, 1, 4, 1, 4, 2, 4, 1, 0, 1, 3, 0, 3, 3, 3, 2] Cost 351 | Initial SOL [4, 3, 0, 2, 2, 2, 0, 3, 4, 2, 4, 1, 0, 0, 1, 3, 3, 1, 3, 4] Cost 358 | Solution [4, 3, 0, 2, 2, 2, 0, 3, 4, 2, 4, 1, 0, 0, 1, 3, 3, 1, 3, 4] Cost 358 Resources Of Agents [('0', 47), ('1', 44), ('2', 44), ('3', 43), ('4', 39)] | ;
Solution Before Init Neighbor [2, 0, 2, 0, 4, 1, 4, 1, 4, 2, 4, 1, 0, 1, 3, 0, 3, 3, 3, 2] Cost 351 | Initial SOL [1, 2, 0, 3, 4, 1, 4, 3, 1, 2, 4, 1, 0, 1, 0, 3, 0, 3, 3, 2] Cost 360 | Solution [1, 2, 0, 3, 4, 1, 4, 3, 1, 2, 4, 1, 0, 1, 0, 3, 0, 3, 3, 2] Cost 360 Resources Of Agents [('0', 49), ('1', 45), ('2', 27), ('3', 41), ('4', 41)] | ;
Solution Before Init Neighbor [2, 0, 2, 0, 4, 1, 4, 1, 4, 2, 4, 1, 0, 1, 3, 0, 3, 3, 3, 2] Cost 351 | Initial SOL [1, 2, 2, 2, 3, 4, 0, 1, 4, 2, 4, 2, 1, 0, 4, 1, 3, 3, 1, 0] Cost 347 | Solution [2, 2, 4, 3, 0, 4, 1, 3, 2, 2, 4, 1, 1, 4, 3, 3, 0, 3, 0, 1] Cost 414 Resources Of Agents [('0', 49), ('1', 50), ('2', 45), ('3', 41), ('4', 44)] | ;
Solution Before Init Neighbor [2, 0, 2, 0, 4, 1, 4, 1, 4, 2, 4, 1, 0, 1, 3, 0, 3, 3, 3, 2] Cost 351 | Initial SOL [2, 0, 4, 4, 0, 2, 1, 1, 4, 4, 4, 1, 2, 1, 3, 0, 3, 2, 1, 3] Cost 359 | Solution [4, 2, 4, 3, 0, 2, 0, 3, 2, 2, 4, 1, 1, 1, 4, 1, 3, 1, 3, 0] Cost 426 Resources Of Agents [('0', 45), ('1', 48), ('2', 37), ('3', 38), ('4', 41)] | ;
Solution Before Init Neighbor [2, 0, 2, 0, 4, 1, 4, 1, 4, 2, 4, 1, 0, 1, 3, 0, 3, 3, 3, 2] Cost 351 | Initial SOL [1, 4, 3, 2, 2, 1, 0, 3, 2, 0, 4, 4, 0, 1, 0, 1, 3, 3, 1, 4] Cost 343 | Solution [0, 2, 4, 3, 0, 2, 0, 3, 2, 4, 4, 1, 1, 4, 1, 1, 3, 3, 2, 4] Cost 425 Resources Of Agents [('0', 48), ('1', 45), ('2', 47), ('3', 36), ('4', 44)] | ;
gap2-3
AGENTS 5
JOBS 20
COSTS [[11, 19, 24, 11, 11, 23, 15, 25, 17, 20, 15, 16, 10, 19, 23, 17, 14, 20, 18, 14], [13, 16, 20, 13, 24, 23, 24, 23, 12, 21, 17, 20, 22, 11, 25, 12, 10, 14, 17, 15], [16, 14, 13, 21, 19, 22, 13, 10, 16, 15, 22, 16, 24, 19, 23, 19, 24, 10, 23, 10], [17, 12, 20, 13, 21, 24, 14, 14, 14, 16, 12, 15, 24, 18, 13, 17, 18, 18, 12, 11], [19, 22, 23, 14, 11, 14, 18, 13, 25, 18, 11, 10, 21, 21, 25, 20, 11, 11, 13, 13]]
resource_of_agent_job [[18, 6, 5, 16, 21, 16, 19, 23, 16, 20, 14, 18, 11, 20, 5, 13, 7, 10, 5, 13], [12, 16, 21, 10, 17, 7, 19, 8, 24, 19, 6, 18, 24, 12, 8, 18, 22, 25, 12, 18], [7, 22, 23, 12, 23, 18, 6, 23, 14, 8, 16, 10, 20, 12, 14, 13, 13, 11, 19, 15], [6, 23, 7, 10, 13, 14, 11, 17, 10, 14, 22, 9, 18, 7, 19, 15, 19, 5, 24, 13], [16, 10, 19, 14, 7, 18, 25, 14, 8, 8, 7, 8, 22, 24, 16, 18, 16, 11, 8, 9]]
capacity_of_agents [45, 51, 48, 45, 46]
Solution Before Init Neighbor [2, 0, 0, 1, 3, 1, 2, 1, 3, 2, 1, 2, 4, 3, 0, 4, 4, 3, 0, 4] Cost 356 | Initial SOL [1, 0, 0, 4, 3, 1, 2, 1, 3, 2, 4, 2, 1, 0, 0, 3, 4, 3, 0, 4] Cost 347 | Solution [2, 0, 0, 2, 1, 3, 1, 1, 4, 4, 1, 3, 3, 4, 0, 2, 2, 0, 0, 0] Cost 413 Resources Of Agents [('0', 44), ('1', 50), ('2', 45), ('3', 41), ('4', 40)] | ;
Solution Before Init Neighbor [2, 0, 0, 1, 3, 1, 2, 1, 3, 2, 1, 2, 4, 3, 0, 4, 4, 3, 0, 4] Cost 356 | Initial SOL [3, 0, 2, 3, 3, 4, 2, 1, 0, 4, 1, 4, 1, 1, 0, 2, 0, 3, 0, 4] Cost 333 | Solution [3, 4, 0, 2, 1, 3, 1, 1, 4, 0, 1, 2, 3, 2, 0, 4, 2, 0, 0, 4] Cost 418 Resources Of Agents [('0', 45), ('1', 50), ('2', 47), ('3', 38), ('4', 45)] | ;
Solution Before Init Neighbor [2, 0, 0, 1, 3, 1, 2, 1, 3, 2, 1, 2, 4, 3, 0, 4, 4, 3, 0, 4] Cost 356 | Initial SOL [1, 0, 3, 1, 4, 1, 2, 3, 0, 3, 4, 4, 0, 3, 2, 2, 1, 2, 4, 4] Cost 296 | Solution [2, 0, 0, 2, 3, 3, 1, 1, 4, 4, 1, 3, 4, 3, 1, 2, 2, 0, 0, 0] Cost 406 Resources Of Agents [('0', 39), ('1', 41), ('2', 45), ('3', 43), ('4', 38)] | ;
Solution Before Init Neighbor [2, 0, 0, 1, 3, 1, 2, 1, 3, 2, 1, 2, 4, 3, 0, 4, 4, 3, 0, 4] Cost 356 | Initial SOL [2, 0, 3, 3, 4, 3, 2, 1, 4, 2, 1, 0, 0, 1, 0, 2, 4, 2, 0, 1] Cost 329 | Solution [3, 4, 0, 1, 3, 3, 1, 1, 4, 4, 1, 0, 2, 3, 1, 2, 2, 0, 0, 4] Cost 405 Resources Of Agents [('0', 38), ('1', 51), ('2', 46), ('3', 40), ('4', 35)] | ;
Solution Before Init Neighbor [2, 0, 0, 1, 3, 1, 2, 1, 3, 2, 1, 2, 4, 3, 0, 4, 4, 3, 0, 4] Cost 356 | Initial SOL [3, 1, 0, 0, 3, 1, 2, 4, 3, 2, 0, 4, 2, 1, 0, 3, 2, 4, 1, 4] Cost 332 | Solution [3, 1, 0, 0, 3, 1, 2, 4, 3, 2, 0, 4, 2, 1, 0, 3, 2, 4, 1, 4] Cost 332 Resources Of Agents [('0', 40), ('1', 47), ('2', 47), ('3', 44), ('4', 42)] | ;
Solution Before Init Neighbor [2, 0, 0, 1, 3, 1, 2, 1, 3, 2, 1, 2, 4, 3, 0, 4, 4, 3, 0, 4] Cost 356 | Initial SOL [3, 0, 3, 1, 4, 1, 2, 2, 4, 3, 1, 3, 4, 3, 0, 1, 0, 0, 2, 4] Cost 343 | Solution [3, 4, 0, 3, 1, 1, 1, 1, 4, 4, 2, 2, 3, 3, 0, 4, 2, 0, 0, 0] Cost 412 Resources Of Agents [('0', 38), ('1', 51), ('2', 39), ('3', 41), ('4', 44)] | ;
Solution Before Init Neighbor [2, 0, 0, 1, 3, 1, 2, 1, 3, 2, 1, 2, 4, 3, 0, 4, 4, 3, 0, 4] Cost 356 | Initial SOL [3, 4, 3, 2, 3, 0, 1, 4, 4, 2, 1, 4, 3, 1, 0, 2, 0, 0, 1, 2] Cost 366 | Solution [3, 4, 3, 2, 3, 0, 1, 4, 4, 2, 1, 4, 3, 1, 0, 2, 0, 0, 1, 2] Cost 366 Resources Of Agents [('0', 38), ('1', 49), ('2', 48), ('3', 44), ('4', 40)] | ;
Solution Before Init Neighbor [2, 0, 0, 1, 3, 1, 2, 1, 3, 2, 1, 2, 4, 3, 0, 4, 4, 3, 0, 4] Cost 356 | Initial SOL [2, 0, 0, 1, 3, 1, 0, 4, 3, 4, 1, 3, 2, 3, 0, 1, 0, 4, 4, 2] Cost 333 | Solution [2, 0, 0, 1, 3, 1, 0, 4, 3, 4, 1, 3, 2, 3, 0, 1, 0, 4, 4, 2] Cost 333 Resources Of Agents [('0', 42), ('1', 41), ('2', 42), ('3', 39), ('4', 41)] | ;
Solution Before Init Neighbor [2, 0, 0, 1, 3, 1, 2, 1, 3, 2, 1, 2, 4, 3, 0, 4, 4, 3, 0, 4] Cost 356 | Initial SOL [4, 0, 3, 3, 4, 2, 2, 1, 4, 2, 0, 2, 1, 3, 0, 1, 3, 0, 0, 4] Cost 355 | Solution [3, 0, 0, 2, 1, 1, 1, 1, 4, 4, 2, 3, 3, 3, 4, 0, 2, 0, 0, 4] Cost 414 Resources Of Agents [('0', 39), ('1', 51), ('2', 41), ('3', 40), ('4', 41)] | ;
Solution Before Init Neighbor [2, 0, 0, 1, 3, 1, 2, 1, 3, 2, 1, 2, 4, 3, 0, 4, 4, 3, 0, 4] Cost 356 | Initial SOL [3, 4, 0, 3, 4, 3, 2, 1, 2, 3, 1, 4, 0, 1, 1, 2, 0, 4, 4, 2] Cost 319 | Solution [3, 4, 0, 2, 1, 1, 1, 1, 4, 0, 2, 3, 3, 3, 4, 0, 2, 3, 0, 4] Cost 417 Resources Of Agents [('0', 43), ('1', 51), ('2', 41), ('3', 45), ('4', 43)] | ;
gap2-4
AGENTS 5
JOBS 20
COSTS [[12, 24, 13, 11, 20, 12, 19, 17, 19, 22, 19, 22, 13, 12, 10, 12, 13, 13, 25, 16], [25, 24, 22, 10, 21, 17, 21, 17, 13, 15, 15, 15, 20, 20, 19, 14, 17, 14, 12, 20], [21, 11, 15, 16, 11, 14, 22, 22, 12, 17, 15, 15, 11, 18, 13, 19, 20, 25, 13, 13], [24, 15, 19, 17, 24, 20, 21, 18, 25, 15, 14, 23, 10, 11, 23, 22, 18, 19, 24, 22], [14, 18, 20, 14, 15, 25, 13, 19, 17, 10, 18, 13, 21, 17, 22, 18, 17, 10, 20, 12]]
resource_of_agent_job [[13, 6, 12, 16, 23, 15, 20, 9, 6, 18, 21, 21, 13, 9, 23, 19, 16, 9, 25, 11], [16, 9, 9, 16, 11, 17, 21, 21, 23, 12, 6, 20, 20, 19, 12, 20, 21, 24, 13, 6], [21, 7, 6, 7, 6, 15, 18, 7, 24, 12, 24, 8, 14, 25, 21, 21, 22, 23, 16, 19], [10, 23, 16, 8, 11, 14, 5, 25, 23, 11, 25, 18, 11, 14, 17, 22, 15, 23, 7, 18], [16, 14, 17, 15, 8, 24, 16, 23, 6, 20, 7, 12, 19, 7, 19, 15, 16, 20, 25, 18]]
capacity_of_agents [49, 51, 51, 52, 52]
Solution Before Init Neighbor [3, 0, 1, 2, 1, 3, 3, 0, 0, 2, 1, 2, 2, 0, 4, 4, 4, 4, 3, 1] Cost 365 | Initial SOL [0, 0, 1, 2, 2, 4, 3, 2, 4, 2, 3, 2, 0, 4, 1, 1, 3, 0, 3, 1] Cost 354 | Solution [3, 0, 1, 3, 3, 3, 1, 2, 0, 0, 4, 4, 4, 4, 1, 2, 0, 2, 3, 1] Cost 404 Resources Of Agents [('0', 46), ('1', 48), ('2', 51), ('3', 50), ('4', 45)] | ;
Solution Before Init Neighbor [3, 0, 1, 2, 1, 3, 3, 0, 0, 2, 1, 2, 2, 0, 4, 4, 4, 4, 3, 1] Cost 365 | Initial SOL [3, 2, 2, 3, 4, 0, 0, 2, 0, 3, 1, 2, 3, 4, 4, 2, 4, 1, 1, 1] Cost 330 | Solution [1, 0, 1, 3, 1, 3, 3, 2, 4, 0, 1, 0, 4, 4, 3, 2, 4, 2, 3, 1] Cost 414 Resources Of Agents [('0', 45), ('1', 48), ('2', 51), ('3', 51), ('4', 48)] | ;
Solution Before Init Neighbor [3, 0, 1, 2, 1, 3, 3, 0, 0, 2, 1, 2, 2, 0, 4, 4, 4, 4, 3, 1] Cost 365 | Initial SOL [1, 3, 0, 3, 2, 0, 3, 2, 4, 2, 4, 4, 3, 4, 1, 4, 2, 0, 1, 1] Cost 330 | Solution [3, 1, 1, 2, 3, 4, 3, 2, 0, 2, 4, 0, 0, 1, 3, 4, 2, 0, 3, 1] Cost 405 Resources Of Agents [('0', 49), ('1', 43), ('2', 48), ('3', 50), ('4', 46)] | ;
Solution Before Init Neighbor [3, 0, 1, 2, 1, 3, 3, 0, 0, 2, 1, 2, 2, 0, 4, 4, 4, 4, 3, 1] Cost 365 | Initial SOL [4, 2, 1, 1, 4, 2, 0, 0, 0, 3, 1, 2, 1, 4, 2, 4, 3, 0, 3, 3] Cost 331 | Solution [3, 0, 1, 2, 3, 4, 3, 2, 0, 2, 4, 0, 0, 1, 1, 4, 3, 2, 3, 1] Cost 411 Resources Of Agents [('0', 46), ('1', 46), ('2', 49), ('3', 48), ('4', 46)] | ;
Solution Before Init Neighbor [3, 0, 1, 2, 1, 3, 3, 0, 0, 2, 1, 2, 2, 0, 4, 4, 4, 4, 3, 1] Cost 365 | Initial SOL [4, 3, 0, 3, 2, 2, 0, 2, 0, 1, 1, 2, 2, 3, 4, 4, 1, 0, 3, 1] Cost 325 | Solution [1, 4, 1, 3, 3, 4, 3, 2, 0, 2, 4, 0, 0, 4, 1, 2, 3, 0, 3, 1] Cost 393 Resources Of Agents [('0', 49), ('1', 43), ('2', 40), ('3', 46), ('4', 52)] | ;
Solution Before Init Neighbor [3, 0, 1, 2, 1, 3, 3, 0, 0, 2, 1, 2, 2, 0, 4, 4, 4, 4, 3, 1] Cost 365 | Initial SOL [3, 4, 2, 4, 2, 3, 3, 0, 0, 2, 1, 0, 0, 1, 1, 2, 3, 4, 3, 1] Cost 356 | Solution [3, 4, 2, 4, 2, 3, 3, 0, 0, 2, 1, 0, 0, 1, 1, 2, 3, 4, 3, 1] Cost 356 Resources Of Agents [('0', 49), ('1', 43), ('2', 45), ('3', 51), ('4', 49)] | ;
Solution Before Init Neighbor [3, 0, 1, 2, 1, 3, 3, 0, 0, 2, 1, 2, 2, 0, 4, 4, 4, 4, 3, 1] Cost 365 | Initial SOL [3, 1, 3, 2, 2, 0, 3, 2, 4, 4, 1, 2, 3, 4, 1, 4, 0, 1, 3, 2] Cost 334 | Solution [1, 0, 1, 2, 3, 3, 3, 2, 0, 0, 4, 2, 4, 1, 4, 0, 3, 2, 3, 1] Cost 410 Resources Of Agents [('0', 49), ('1', 50), ('2', 45), ('3', 52), ('4', 45)] | ;
Solution Before Init Neighbor [3, 0, 1, 2, 1, 3, 3, 0, 0, 2, 1, 2, 2, 0, 4, 4, 4, 4, 3, 1] Cost 365 | Initial SOL [3, 2, 2, 4, 3, 2, 1, 0, 4, 0, 1, 4, 0, 3, 1, 4, 3, 0, 2, 1] Cost 332 | Solution [3, 0, 1, 2, 3, 4, 3, 2, 0, 2, 1, 0, 1, 4, 1, 4, 0, 2, 3, 3] Cost 409 Resources Of Agents [('0', 49), ('1', 47), ('2', 49), ('3', 51), ('4', 46)] | ;
Solution Before Init Neighbor [3, 0, 1, 2, 1, 3, 3, 0, 0, 2, 1, 2, 2, 0, 4, 4, 4, 4, 3, 1] Cost 365 | Initial SOL [3, 1, 1, 2, 2, 3, 2, 1, 0, 2, 1, 2, 0, 4, 4, 0, 4, 0, 3, 3] Cost 362 | Solution [3, 0, 2, 2, 3, 3, 3, 2, 0, 0, 4, 2, 1, 4, 4, 4, 1, 2, 3, 1] Cost 403 Resources Of Agents [('0', 30), ('1', 47), ('2', 51), ('3', 47), ('4', 48)] | ;
Solution Before Init Neighbor [3, 0, 1, 2, 1, 3, 3, 0, 0, 2, 1, 2, 2, 0, 4, 4, 4, 4, 3, 1] Cost 365 | Initial SOL [1, 2, 2, 1, 1, 0, 3, 2, 4, 3, 1, 4, 3, 3, 0, 4, 4, 0, 3, 2] Cost 313 | Solution [1, 0, 1, 2, 0, 3, 3, 0, 0, 3, 4, 1, 4, 4, 4, 2, 3, 2, 3, 1] Cost 398 Resources Of Agents [('0', 44), ('1', 51), ('2', 51), ('3', 52), ('4', 52)] | ;
gap2-5
AGENTS 5
JOBS 20
COSTS [[21, 23, 20, 11, 11, 17, 14, 15, 16, 22, 18, 17, 10, 12, 14, 11, 18, 13, 11, 25], [23, 17, 16, 18, 13, 21, 14, 13, 20, 14, 25, 10, 17, 14, 20, 20, 21, 22, 22, 20], [22, 20, 12, 22, 13, 13, 16, 22, 22, 10, 18, 13, 13, 11, 19, 13, 20, 10, 16, 19], [11, 10, 23, 19, 18, 21, 17, 11, 10, 21, 19, 22, 18, 22, 17, 21, 15, 10, 24, 24], [18, 22, 23, 19, 15, 12, 14, 13, 12, 22, 21, 15, 12, 11, 21, 20, 22, 13, 11, 21]]
resource_of_agent_job [[14, 12, 6, 18, 9, 12, 19, 7, 22, 19, 7, 6, 25, 10, 13, 7, 24, 17, 12, 6], [15, 19, 25, 17, 16, 7, 8, 21, 21, 5, 8, 13, 16, 24, 15, 14, 8, 7, 18, 18], [17, 15, 23, 14, 24, 10, 15, 17, 8, 23, 16, 23, 25, 13, 24, 17, 6, 14, 7, 21], [24, 23, 19, 15, 15, 13, 6, 12, 21, 21, 16, 5, 8, 11, 9, 9, 23, 11, 8, 11], [25, 11, 15, 11, 9, 18, 10, 23, 9, 7, 19, 14, 7, 6, 22, 17, 7, 7, 5, 13]]
capacity_of_agents [43, 47, 54, 45, 42]
Solution Before Init Neighbor [4, 4, 0, 3, 4, 1, 1, 0, 2, 1, 4, 0, 3, 2, 3, 3, 2, 1, 2, 0] Cost 368 | Initial SOL [2, 2, 4, 3, 1, 0, 3, 0, 2, 1, 0, 4, 4, 3, 1, 0, 1, 3, 4, 0] Cost 347 | Solution [0, 0, 0, 4, 3, 1, 3, 2, 2, 4, 1, 3, 3, 3, 2, 4, 4, 1, 1, 0] Cost 422 Resources Of Agents [('0', 38), ('1', 40), ('2', 49), ('3', 45), ('4', 42)] | ;
Solution Before Init Neighbor [4, 4, 0, 3, 4, 1, 1, 0, 2, 1, 4, 0, 3, 2, 3, 3, 2, 1, 2, 0] Cost 368 | Initial SOL [2, 4, 0, 1, 0, 2, 3, 4, 2, 1, 1, 3, 3, 4, 0, 0, 1, 1, 2, 0] Cost 357 | Solution [0, 0, 4, 2, 4, 1, 2, 2, 2, 4, 1, 3, 3, 3, 1, 3, 4, 1, 3, 0] Cost 428 Resources Of Agents [('0', 32), ('1', 37), ('2', 54), ('3', 41), ('4', 38)] | ;
Solution Before Init Neighbor [4, 4, 0, 3, 4, 1, 1, 0, 2, 1, 4, 0, 3, 2, 3, 3, 2, 1, 2, 0] Cost 368 | Initial SOL [0, 4, 0, 1, 4, 1, 1, 0, 4, 1, 1, 3, 3, 2, 2, 3, 2, 3, 4, 0] Cost 354 | Solution [0, 0, 4, 2, 0, 1, 2, 2, 2, 4, 1, 3, 3, 3, 1, 3, 1, 1, 3, 0] Cost 423 Resources Of Agents [('0', 41), ('1', 45), ('2', 54), ('3', 41), ('4', 22)] | ;
Solution Before Init Neighbor [4, 4, 0, 3, 4, 1, 1, 0, 2, 1, 4, 0, 3, 2, 3, 3, 2, 1, 2, 0] Cost 368 | Initial SOL [1, 2, 0, 1, 2, 1, 1, 4, 2, 0, 0, 3, 4, 3, 3, 3, 2, 4, 4, 0] Cost 367 | Solution [1, 2, 0, 1, 2, 1, 1, 4, 2, 0, 0, 3, 4, 3, 3, 3, 2, 4, 4, 0] Cost 367 Resources Of Agents [('0', 38), ('1', 47), ('2', 53), ('3', 34), ('4', 42)] | ;
Solution Before Init Neighbor [4, 4, 0, 3, 4, 1, 1, 0, 2, 1, 4, 0, 3, 2, 3, 3, 2, 1, 2, 0] Cost 368 | Initial SOL [0, 3, 4, 4, 1, 1, 1, 0, 4, 1, 1, 3, 3, 2, 2, 0, 2, 4, 3, 0] Cost 350 | Solution [0, 0, 4, 2, 4, 1, 2, 2, 2, 4, 1, 3, 3, 3, 1, 3, 4, 1, 3, 0] Cost 428 Resources Of Agents [('0', 32), ('1', 37), ('2', 54), ('3', 41), ('4', 38)] | ;
Solution Before Init Neighbor [4, 4, 0, 3, 4, 1, 1, 0, 2, 1, 4, 0, 3, 2, 3, 3, 2, 1, 2, 0] Cost 368 | Initial SOL [0, 2, 0, 1, 4, 2, 3, 2, 4, 4, 1, 1, 3, 4, 0, 3, 1, 3, 4, 3] Cost 345 | Solution [0, 4, 4, 2, 0, 1, 3, 2, 2, 4, 1, 0, 3, 3, 1, 3, 4, 1, 3, 0] Cost 419 Resources Of Agents [('0', 35), ('1', 37), ('2', 39), ('3', 42), ('4', 40)] | ;
Solution Before Init Neighbor [4, 4, 0, 3, 4, 1, 1, 0, 2, 1, 4, 0, 3, 2, 3, 3, 2, 1, 2, 0] Cost 368 | Initial SOL [1, 2, 0, 3, 2, 1, 4, 0, 4, 4, 3, 3, 4, 0, 3, 0, 2, 4, 2, 1] Cost 341 | Solution [1, 2, 0, 3, 2, 1, 4, 0, 4, 4, 3, 3, 4, 0, 3, 0, 2, 4, 2, 1] Cost 341 Resources Of Agents [('0', 30), ('1', 40), ('2', 52), ('3', 45), ('4', 40)] | ;
Solution Before Init Neighbor [4, 4, 0, 3, 4, 1, 1, 0, 2, 1, 4, 0, 3, 2, 3, 3, 2, 1, 2, 0] Cost 368 | Initial SOL [2, 0, 3, 2, 0, 1, 1, 2, 4, 4, 0, 0, 3, 1, 3, 4, 4, 1, 3, 0] Cost 389 | Solution [2, 0, 3, 2, 0, 1, 1, 2, 4, 4, 0, 0, 3, 1, 3, 4, 4, 1, 3, 0] Cost 389 Resources Of Agents [('0', 40), ('1', 46), ('2', 48), ('3', 44), ('4', 40)] | ;
Solution Before Init Neighbor [4, 4, 0, 3, 4, 1, 1, 0, 2, 1, 4, 0, 3, 2, 3, 3, 2, 1, 2, 0] Cost 368 | Initial SOL [1, 2, 0, 3, 4, 0, 3, 0, 4, 1, 3, 4, 3, 2, 1, 0, 2, 1, 4, 0] Cost 344 | Solution [1, 0, 0, 2, 4, 3, 2, 2, 2, 4, 1, 3, 3, 3, 1, 4, 4, 1, 3, 0] Cost 426 Resources Of Agents [('0', 24), ('1', 45), ('2', 54), ('3', 45), ('4', 40)] | ;
Solution Before Init Neighbor [4, 4, 0, 3, 4, 1, 1, 0, 2, 1, 4, 0, 3, 2, 3, 3, 2, 1, 2, 0] Cost 368 | Initial SOL [1, 3, 2, 1, 4, 1, 0, 0, 4, 1, 0, 3, 4, 4, 3, 2, 2, 4, 2, 0] Cost 321 | Solution [2, 0, 4, 2, 4, 1, 2, 0, 2, 4, 1, 3, 3, 3, 1, 3, 4, 1, 3, 0] Cost 422 Resources Of Agents [('0', 25), ('1', 37), ('2', 54), ('3', 41), ('4', 38)] | ;
